Time,GSR,Temp(C)
1602839205.0761,447,36.13
1602839205.9162,447,36.13
1602839206.7371,447,36.13
1602839207.5655,448,36.13
1602839208.4053,448,36.13
1602839209.2154,448,36.13
1602839210.0909,448,36.13
1602839210.8954,447,36.13
1602839211.7658,447,36.13
1602839212.5454,447,36.13
1602839213.4820,447,36.13
1602839214.2253,447,36.13
1602839215.1323,446,36.13
1602839215.8753,446,36.13
1602839216.8424,446,36.13
1602839217.5252,446,36.13
1602839218.4828,446,36.13
1602839219.2053,446,36.13
1602839220.0455,446,36.13
1602839220.8552,446,36.13
1602839221.6954,446,36.13
1602839222.5352,446,36.13
1602839223.3452,446,36.19
1602839224.1851,446,36.13
1602839225.0252,446,36.13
1602839225.8351,446,36.13
1602839226.6752,446,36.13
1602839227.5151,446,36.19
1602839228.3551,446,36.13
1602839229.1651,446,36.19
1602839230.0052,446,36.13
1602839230.8451,446,36.19
1602839231.6552,446,36.19
1602839232.5321,446,36.13
1602839233.3351,446,36.13
1602839234.2338,446,36.13
1602839234.9851,446,36.13
1602839235.8838,446,36.13
1602839236.6651,446,36.13
1602839237.5983,446,36.13
1602839238.3151,445,36.19
1602839239.2433,445,36.13
1602839239.9651,445,36.19
1602839240.8052,445,36.19
1602839241.6450,445,36.19
1602839242.4552,445,36.19
1602839243.2950,445,36.19
1602839244.1352,445,36.19
1602839244.9761,445,36.19
1602839245.7852,445,36.19
1602839246.6250,445,36.19
1602839247.4650,444,36.19
1602839248.2750,444,36.19
1602839249.1152,444,36.19
1602839249.9549,444,36.19
1602839250.7650,444,36.19
1602839251.6331,444,36.19
1602839252.4450,444,36.19
1602839253.2849,444,36.19
1602839254.0950,443,36.19
1602839254.9942,443,36.13
1602839255.7750,443,36.19
1602839256.6441,443,36.19
1602839257.4249,443,36.19
1602839258.3516,443,36.19
1602839259.1049,443,36.19
1602839260.0439,443,36.19
1602839260.7549,443,36.19
1602839261.7115,443,36.19
1602839262.4048,443,36.19
1602839263.3615,443,36.19
1602839267.1611,443,36.19
1602839267.1647,443,36.19
1602839267.1681,443,36.19
1602839267.1709,443,36.19
1602839268.2043,443,36.19
1602839268.3995,443,36.19
1602839269.5388,443,36.19
1602839270.1685,443,36.19
1602839271.1455,443,36.19
1602839271.5749,443,36.19
1602839272.4617,443,36.19
1602839273.2063,443,36.19
1602839274.1597,443,36.19
1602839275.0029,443,36.19
1602839275.7816,443,36.19
1602839276.5359,443,36.19
1602839277.5159,443,36.19
1602839278.2160,443,36.19
1602839279.1426,443,36.19
1602839279.8657,443,36.19
1602839280.8457,443,36.19
1602839281.5160,443,36.19
1602839282.4942,443,36.19
1602839283.1958,443,36.19
1602839284.0356,443,36.19
1602839284.8457,443,36.19
1602839285.6857,443,36.19
1602839286.5259,443,36.19
1602839287.3358,443,36.19
1602839288.1756,443,36.19
1602839289.0155,443,36.19
1602839289.8256,443,36.19
1602839290.6659,443,36.19
1602839291.5059,443,36.19
1602839292.3456,443,36.19
1602839293.1849,443,36.19
1602839293.9957,443,36.19
1602839294.8538,442,36.19
1602839295.6458,443,36.19
1602839296.5610,443,36.19
1602839297.3257,443,36.19
1602839298.2416,443,36.19
1602839298.9757,442,36.19
1602839299.9259,442,36.19
1602839300.6556,442,36.19
1602839301.6011,442,36.19
1602839302.3055,443,36.19
1602839303.2506,442,36.19
1602839303.9553,442,36.19
1602839304.7956,443,36.19
1602839305.6354,442,36.19
1602839306.6127,442,36.19
1602839307.2854,442,36.19
1602839308.1256,442,36.19
1602839308.9653,441,36.19
1602839309.7755,441,36.19
1602839310.6154,441,36.19
1602839311.4554,441,36.19
1602839312.2655,442,36.19
1602839313.1054,441,36.19
1602839313.9455,441,36.19
1602839314.7860,441,36.19
1602839315.6480,441,36.19
1602839316.4356,441,36.19
1602839317.3033,441,36.19
1602839318.0854,441,36.19
1602839319.0345,441,36.19
1602839319.7655,441,36.19
1602839320.6556,441,36.19
1602839321.4154,441,36.19
1602839322.3741,441,36.19
1602839323.0953,441,36.19
1602839324.0168,441,36.19
1602839324.7454,441,36.19
1602839325.7234,441,36.19
1602839326.3953,441,36.19
1602839327.3782,441,36.19
1602839328.0752,441,36.19
1602839328.8854,441,36.19
1602839329.7254,441,36.19
1602839330.5654,442,36.19
1602839331.4053,441,36.19
1602839332.2153,441,36.19
1602839333.0552,442,36.19
1602839333.8954,441,36.19
1602839334.7250,442,36.19
1602839335.5454,442,36.19
1602839336.3852,442,36.19
1602839337.1953,442,36.19
1602839338.0959,442,36.19
1602839338.8753,442,36.19
1602839339.7693,442,36.19
1602839340.5253,442,36.19
1602839341.4797,442,36.19
1602839342.2053,442,36.19
1602839343.1307,442,36.19
1602839343.8556,442,36.19
1602839344.6953,442,36.19
1602839345.5052,442,36.19
1602839346.4828,442,36.19
1602839347.1852,442,36.25
1602839348.0252,440,36.19
1602839348.8351,439,36.25
1602839349.6753,439,36.19
1602839350.5704,439,36.19
1602839351.3243,439,36.19
1602839352.1642,438,36.19
1602839353.0044,438,36.19
1602839353.8442,438,36.19
1602839354.6544,438,36.19
1602839355.4941,438,36.19
1602839356.3342,438,36.19
1602839357.1441,438,36.25
1602839357.9841,438,36.19
1602839358.8241,438,36.25
1602839359.6341,438,36.25
1602839360.5312,438,36.25
1602839361.3141,437,36.19
1602839362.1803,438,36.19
1602839362.9640,438,36.25
1602839363.8622,438,36.25
1602839364.6442,437,36.19
1602839365.4543,438,36.25
1602839366.2940,438,36.25
1602839367.2227,438,36.25
1602839367.9441,438,36.25
1602839368.7841,438,36.25
1602839369.6240,437,36.25
1602839370.4642,438,36.25
1602839371.2740,438,36.25
1602839372.1140,437,36.19
1602839372.9539,436,36.25
1602839373.7640,436,36.25
1602839374.6040,436,36.19
1602839375.4441,436,36.25
1602839376.2539,436,36.25
1602839377.0941,437,36.19
1602839377.9340,437,36.25
1602839378.7740,437,36.25
1602839379.5839,437,36.25
1602839380.4239,437,36.25
1602839381.2639,437,36.25
1602839382.1041,436,36.25
1602839382.9401,434,36.25
1602839383.7539,433,36.25
1602839384.6211,433,36.25
1602839385.4039,433,36.25
1602839386.3330,433,36.25
1602839387.0839,431,36.25
1602839387.9830,432,36.25
1602839388.7349,432,36.25
1602839389.6931,432,36.25
1602839390.3839,432,36.25
1602839391.3502,432,36.25
1602839392.0638,432,36.25
1602839392.8739,432,36.25
1602839393.7138,432,36.25
1602839394.5541,432,36.25
1602839395.3939,432,36.25
1602839396.2039,432,36.25
1602839397.0438,432,36.25
1602839397.8839,432,36.25
1602839398.6938,432,36.25
1602839399.5339,432,36.25
1602839400.3738,432,36.25
1602839401.2439,432,36.25
1602839402.0544,432,36.25
1602839402.8638,432,36.25
1602839403.7038,432,36.25
1602839404.5139,433,36.25
1602839405.4105,433,36.25
1602839406.2238,433,36.25
1602839407.0891,433,36.25
1602839407.8438,433,36.25
1602839408.8008,433,36.25
1602839409.5238,434,36.25
1602839410.4504,434,36.25
1602839411.1737,434,36.25
1602839412.0439,434,36.25
1602839412.8237,434,36.25
1602839413.6640,434,36.25
1602839414.5037,434,36.25
1602839415.3140,434,36.25
1602839416.1537,434,36.25
1602839416.9938,434,36.25
1602839417.8337,434,36.25
1602839418.6438,434,36.25
1602839419.4837,434,36.25
1602839420.3240,434,36.25
1602839421.1337,434,36.25
1602839421.9737,435,36.25
1602839422.8136,434,36.25
1602839423.6239,434,36.25
1602839424.4636,434,36.25
1602839425.3038,434,36.25
1602839426.1727,435,36.25
1602839426.9536,435,36.25
1602839427.8607,435,36.25
1602839428.6336,435,36.25
1602839429.5611,435,36.25
1602839430.2837,435,36.25
1602839431.2095,435,36.25
1602839431.9636,435,36.25
1602839432.7738,435,36.25
1602839433.6136,435,36.25
1602839434.5707,435,36.25
1602839435.2636,435,36.25
1602839436.1038,435,36.25
1602839436.9435,435,36.25
1602839437.7537,435,36.25
1602839438.5936,436,36.25
1602839439.4638,436,36.25
1602839440.2735,436,36.25
1602839441.1136,436,36.25
1602839441.9235,436,36.25
1602839442.7635,436,36.25
1602839443.9305,436,36.25
1602839444.4855,436,36.25