Time,HR,RR
1606913046.2691,85,724
1606913047.2948,85,783
1606913048.3953,84,830
1606913049.2652,83,879
1606913050.2850,81,873
1606913051.2752,80,810
1606913052.2891,79,782
1606913053.4047,79,788
1606913054.2750,79,790
1606913055.2648,79,837
1606913056.2848,78,862
1606913057.3646,78,857
1606913058.2649,77,887
1606913059.2848,76,880
1606913060.2748,75,889
1606913061.2940,74,879
1606913062.4017,74,850
1606913063.2750,74,804
1606913064.2648,74,810
1606913065.2848,74,805
1606913066.3336,75,831
1606913067.2950,75,854
1606913068.2850,74,861
1606913069.2748,74,853
1606913070.2647,74,887
1606913071.4002,73,879
1606913072.2749,73,832
1606913073.2648,73,852
1606913074.2847,73,768
1606913075.3290,74,689
1606913076.4033,78,644
1606913077.2847,80,667
1606913078.2748,82,790
1606913079.2646,81,716
1606913080.4025,82,722
1606913081.2748,82,758
1606913082.2646,82,784
1606913083.2845,82,710
1606913084.2945,82,717
1606913085.4053,83,716
1606913086.2849,83,737
1606913087.2748,83,784
1606913088.2647,83,820
1606913089.3631,82,825
1606913090.2746,81,757
1606913091.2647,81,738
1606913092.2847,81,782
1606913093.2746,81,729
1606913094.4326,82,685
1606913095.2847,83,691
1606913096.2746,84,689
1606913097.2645,85,708
1606913098.3065,85,734
1606913099.2749,85,732
1606913100.2944,85,750
1606913101.2843,85,794
1606913102.2743,84,918
1606913103.3443,83,923
1606913104.2848,80,871
1606913105.2743,79,842
1606913106.2642,78,864
1606913107.2842,77,839
1606913108.4153,76,832
1606913109.2644,76,795
1606913110.2843,76,788
1606913111.2742,77,830
1606913112.3447,76,848
1606913113.2846,76,851
1606913114.2742,75,824
1606913115.2642,75,819
1606913116.3141,75,828
1606913117.3546,75,780
1606913118.2644,75,807
1606913119.2841,76,793
1606913120.3041,76,734
1606913121.3138,76,759
1606913122.2842,77,784
1606913123.2744,77,836
1606913124.2641,77,849
1606913125.2840,76,834
1606913126.3579,76,787
1606913127.2644,76,726
1606913128.2842,78,685
1606913129.2740,79,659
1606913130.2843,80,738
1606913131.2845,81,798
1606913132.2742,81,822
1606913133.2642,80,842
1606913134.2841,79,777
1606913135.3536,79,812
1606913136.2642,78,760
1606913137.2847,79,766
1606913138.2740,79,789
1606913139.2640,79,821
1606913140.3655,78,842
1606913141.3042,78,820
1606913142.2640,78,803
1606913143.2840,77,792
1606913144.2931,77,803
1606913145.2641,77,792
1606913146.2840,77,795
1606913147.2740,77,790
1606913148.2638,77,764
1606913149.3638,77,802
1606913150.2742,77,805
1606913151.2638,77,795
1606913152.2837,77,834
1606913153.2946,77,828
1606913154.4048,77,805
1606913155.2842,77,803
1606913156.2738,77,781
1606913157.2638,77,764
1606913158.3635,77,792
1606913159.2739,77,796
1606913160.2639,77,786
1606913161.2838,77,815
1606913162.2938,77,790
1606913163.3735,77,780
1606913164.2840,77,751
1606913165.2738,78,744
1606913166.2938,78,769
1606913167.3088,79,801
1606913168.2742,78,803
1606913169.2638,78,824
1606913170.2837,78,809
1606913171.2737,78,787
1606913172.6627,78,803
1606913173.2836,78,796
1606913174.3175,78,760
1606913175.4860,78,770
1606913176.3894,78,763
1606913177.4207,79,754
1606913178.2937,79,784
1606913179.2836,79,783
1606913180.2736,79,770
1606913181.3120,79,763
1606913182.3141,79,747
1606913183.2738,80,777
1606913184.2637,80,771
1606913185.3042,80,757
1606913186.4127,80,785
1606913187.2637,80,797
1606913188.2835,80,782
1606913189.3034,80,772
1606913190.3125,80,726
1606913191.5240,81,667
1606913192.2760,83,668
1606913193.2660,84,704
1606913194.2873,85,734
1606913195.4042,85,767
1606913196.2639,83,859
1606913197.2903,82,795
1606913198.2746,81,787
1606913199.3351,80,802
1606913200.2854,80,740
1606913201.2753,80,712
1606913202.2654,81,720
1606913203.2841,81,763
1606913204.3501,81,757
1606913205.2657,81,803
1606913206.2854,80,784
1606913207.2753,80,766
1606913208.2683,80,730
1606913209.4350,81,679
1606913210.2747,82,710
1606913211.2653,82,745
1606913212.2840,82,772
1606913213.3416,82,720
1606913214.2639,83,682
1606913215.3143,84,631
1606913216.2799,85,644
1606913217.2816,87,698
1606913218.3803,87,837
1606913219.2762,85,858
1606913220.2634,84,801
1606913221.2853,82,777
1606913222.3453,82,794
1606913223.2638,81,796
1606913224.2839,80,790
1606913225.2774,80,779
1606913226.3053,80,783
1606913227.3997,80,776
1606913228.2753,80,771
1606913229.2650,80,782
1606913230.2839,80,771
1606913231.2953,80,787
1606913232.2637,80,782
1606913233.2853,80,791
1606913234.2759,79,798
1606913235.2651,79,796
1606913236.3502,79,796
1606913237.2806,79,765
1606913238.3589,79,780
1606913239.2854,79,755
1606913240.2729,79,776
1606913241.4040,79,746
1606913242.2832,79,750
1606913243.2732,80,795
1606913244.2630,79,762
1606913245.2831,79,775
1606913246.3334,79,806
1606913247.2631,79,772
1606913248.3131,79,775
1606913249.2732,79,662
1606913250.3718,81,697
1606913251.2831,82,702
1606913252.2730,83,723
1606913253.2629,83,735
1606913254.2829,83,790
1606913255.3820,82,800
1606913256.2629,82,806
1606913257.2830,81,815
1606913258.2728,80,774
1606913259.3448,80,761
1606913260.2832,80,688
1606913261.2730,82,676
1606913262.2628,83,719
1606913263.2831,83,677
1606913264.3843,85,658
1606913265.2631,85,711
1606913266.2829,85,720
1606913267.2728,85,761
1606913268.3123,85,788
1606913269.2830,84,749
1606913270.2730,83,767
1606913271.2628,83,791
1606913272.2828,82,779
1606913273.3818,82,752
1606913274.2629,82,717
1606913275.2828,83,704
1606913276.2728,83,783
1606913277.2819,83,810
1606913278.3943,82,908
1606913279.2729,81,930
1606913280.2628,79,831
1606913281.3128,78,843
1606913282.3218,77,831
1606913283.2630,77,786
1606913284.2827,77,816
1606913285.2726,77,803
1606913286.2818,77,817
1606913287.4059,77,835
1606913288.2730,76,856
1606913289.2626,76,831
1606913290.2825,75,855
1606913291.3236,75,838
1606913292.2928,75,788
1606913293.3127,75,710
1606913294.2725,77,731
1606913295.2624,78,763
1606913296.3937,78,814
1606913297.2727,78,850
1606913298.2626,77,832
1606913299.2823,77,784
1606913300.2921,77,748
1606913301.4031,78,705
1606913302.2825,79,741
1606913303.2723,79,765
1606913304.2622,80,746
1606913305.3423,80,786
1606913306.2724,80,773
1606913307.2624,80,721
1606913308.2823,80,694
1606913309.2722,82,733
1606913310.4322,82,718
1606913311.2824,83,657
1606913312.2722,84,695
1606913313.2622,85,693
1606913314.3308,85,749
1606913315.2726,85,793
1606913316.2623,85,847
1606913317.2823,82,829
1606913318.2721,81,814
1606913319.3724,81,786
1606913320.2823,80,803
1606913321.2721,80,740
1606913322.2620,80,771
1606913323.3019,80,769
1606913324.2722,80,777
1606913325.2622,80,831
1606913326.2822,79,840
1606913327.2721,79,857
1606913328.3410,78,802
1606913329.2823,78,800
1606913330.2722,77,797
1606913331.2621,77,754
1606913332.2821,78,751
1606913333.2724,78,767
1606913334.2621,79,749
1606913335.2820,79,775
1606913336.2719,79,779
1606913337.3413,79,772
1606913338.2820,79,762
1606913339.2721,80,752
1606913340.2619,80,713
1606913341.2819,81,697
1606913342.3834,82,700
1606913343.2621,82,712