time,gsr
1.601637906456700087e+09,3.917635580234208419e+02
1.601637906587199926e+09,3.916693811174378652e+02
1.601637906665999889e+09,3.915731668518079687e+02
1.601637906786099911e+09,3.914749152265312091e+02
1.601637906876600027e+09,3.913746262416075865e+02
1.601637906996700048e+09,3.912722998970371009e+02
1.601637907116699934e+09,3.911679361928197523e+02
1.601637907206000090e+09,3.910615351289554837e+02
1.601637907326800108e+09,3.909530967054444091e+02
1.601637907416800022e+09,3.908426209222864145e+02
1.601637907536099911e+09,3.907301077794815569e+02
1.601637907660099983e+09,3.906155572770298363e+02
1.601637907746700048e+09,3.904989694149312527e+02
1.601637907866499901e+09,3.903803441931857492e+02
1.601637907956500053e+09,3.902596816117934395e+02
1.601637908076499939e+09,3.901369816707542100e+02
1.601637908196599960e+09,3.900122443700681174e+02
1.601637908286499977e+09,3.898854697097351618e+02
1.601637908406599998e+09,3.897566576897552864e+02
1.601637908526499987e+09,3.896258083101286047e+02
1.601637908616699934e+09,3.894929215708550032e+02
1.601637908736500025e+09,3.893579974719345387e+02
1.601637908826499939e+09,3.892210360133672111e+02
1.601637908946700096e+09,3.890820371951530205e+02
1.601637909066600084e+09,3.889410010172919669e+02
1.601637909186599970e+09,3.887979274797840503e+02
1.601637909276499987e+09,3.886528165826292138e+02
1.601637909366499901e+09,3.885056683258275143e+02
1.601637909486099958e+09,3.883564827093789518e+02
1.601637909636600018e+09,3.882052597332835262e+02
1.601637909696599960e+09,3.880519993975411808e+02
1.601637909816499949e+09,3.878967017021520292e+02
1.601637909906399965e+09,3.877393666471159577e+02
1.601637910026299953e+09,3.875799942324330232e+02
1.601637910146500111e+09,3.874185844581032256e+02
1.601637910236599922e+09,3.872551373241265651e+02
1.601637910357100010e+09,3.870896528305030415e+02
1.601637910476300001e+09,3.869221309772325981e+02
1.601637910566400051e+09,3.867525717643153484e+02
1.601637910686399937e+09,3.865809751917511790e+02
1.601637910776400089e+09,3.864073412595401464e+02
1.601637910896500111e+09,3.862316699676821941e+02
1.601637911016499996e+09,3.860539613161774355e+02
1.601637911106499910e+09,3.858742153050257571e+02
1.601637911226799965e+09,3.856924319342272724e+02
1.601637911316299915e+09,3.855086112037818680e+02
1.601637911436599970e+09,3.853227531136896005e+02
1.601637911638000011e+09,3.851348576639504131e+02
1.601637911645800114e+09,3.849449248545644195e+02
1.601637911765700102e+09,3.847529546855315630e+02
1.601637911855600119e+09,3.845589471567964210e+02
1.601637911975699902e+09,3.843348655253324750e+02
1.601637912177700043e+09,3.841175156350035422e+02
1.601637912185600042e+09,3.839059799183252721e+02
1.601637912305599928e+09,3.836993699369386945e+02
1.601637912395600080e+09,3.834968263816123795e+02
1.601637912515700102e+09,3.832833885329732766e+02
1.601637912717999935e+09,3.830738277710718194e+02
1.601637912725600004e+09,3.828673430449293278e+02
1.601637912845599890e+09,3.826490318934258426e+02
1.601637912965600014e+09,3.824337239548648881e+02
1.601637913055700064e+09,3.822206764365208187e+02
1.601637913319400072e+09,3.820091756747942782e+02
1.601637913319799900e+09,3.817985371352122002e+02
1.601637913385499954e+09,3.815881054124283196e+02
1.601637913505500078e+09,3.813772542302227180e+02
1.601637913595599890e+09,3.811809880016581360e+02
1.601637913828000069e+09,3.809549051992032105e+02
1.601637913828500032e+09,3.807281699043145977e+02
1.601637913925499916e+09,3.805002432281518168e+02
1.601637914105600119e+09,3.802564848717337327e+02
1.601637914135600090e+09,3.800119866355023532e+02
1.601637914397399902e+09,3.797662678888705159e+02
1.601637914397900105e+09,3.795047465911096083e+02
1.601637914465500116e+09,3.792425728009151840e+02
1.601637914585500002e+09,3.789651936066850340e+02
1.601637914675600052e+09,3.786877881962411152e+02
1.601637914795700073e+09,3.783958327871080769e+02
1.601637914997900009e+09,3.780904051569664261e+02
1.601637915005500078e+09,3.777867136227645801e+02
1.601637915125499964e+09,3.774702635311534209e+02
1.601637915215600014e+09,3.771421617889404274e+02
1.601637915335599899e+09,3.768176458422001929e+02
1.601637915536799908e+09,3.764822501667104007e+02
1.601637915545500040e+09,3.761215092382486773e+02
1.601637915665499926e+09,3.757506605028896729e+02
1.601637915755500078e+09,3.753708108674408095e+02
1.601637915875600100e+09,3.749830672387089976e+02
1.601637916099900007e+09,3.745885365235016593e+02
1.601637916100399971e+09,3.742024561678933310e+02
1.601637916205399990e+09,3.737947590875057244e+02
1.601637916295399904e+09,3.733806827284134897e+02
1.601637916415499926e+09,3.729613339974240489e+02
1.601637916638299942e+09,3.725378198013442557e+02
1.601637916638999939e+09,3.720956454868254468e+02
1.601637916745500088e+09,3.716500193708158690e+02
1.601637916865499973e+09,3.712020192309960862e+02
1.601637916955600023e+09,3.707512518241584871e+02
1.601637917209800005e+09,3.702973239070949489e+02
1.601637917210299969e+09,3.698257116973303482e+02
1.601637917285599947e+09,3.693515943826863008e+02
1.601637917405499935e+09,3.688760206117170810e+02
1.601637917495599985e+09,3.683703069335531382e+02
1.601637917757600069e+09,3.678793063771869356e+02
1.601637917758199930e+09,3.673884369018899747e+02
1.601637917825500011e+09,3.668831164669338705e+02
1.601637917945499897e+09,3.663784660018874888e+02
1.601637918035500050e+09,3.658598743368958708e+02
1.601637918155600071e+09,3.653424332724011379e+02
1.601637918355900049e+09,3.648115025094219845e+02
1.601637918395499945e+09,3.642962752585416411e+02
1.601637918485500097e+09,3.637821112207786882e+02
1.601637918575500011e+09,3.632699716573078490e+02
1.601637918695600033e+09,3.627593468084153301e+02
1.601637918927000046e+09,3.622497269143871677e+02
1.601637918927500010e+09,3.617420732363980846e+02
1.601637919025500059e+09,3.612358760147341741e+02
1.601637919115499973e+09,3.607306254896816426e+02
1.601637919235500097e+09,3.602272829224153838e+02
1.601637919496900082e+09,3.597253385532212633e+02
1.601637919497400045e+09,3.592242826223856014e+02
1.601637919565500021e+09,3.587250763910828368e+02
1.601637919655499935e+09,3.582286811204879200e+02
1.601637919775500059e+09,3.577360580717754033e+02
1.601637920007299900e+09,3.572622990453873513e+02
1.601637920007800102e+09,3.567771913113130609e+02
1.601637920105700016e+09,3.562958266699946535e+02
1.601637920195499897e+09,3.558191663826067384e+02
1.601637920315599918e+09,3.553481717103239816e+02
1.601637920577699900e+09,3.548838039143211631e+02
1.601637920578200102e+09,3.544270242557728920e+02
1.601637920645499945e+09,3.539787939958537777e+02
1.601637920735500097e+09,3.535400743957384861e+02
1.601637920855499983e+09,3.531118267166016835e+02
1.601637920975500107e+09,3.526950122196179791e+02
1.601637921145699978e+09,3.522905921659622663e+02
1.601637921185499907e+09,3.518995278168089271e+02
1.601637921305500031e+09,3.515227804333328550e+02
1.601637921395600080e+09,3.511613112767084885e+02
1.601637921515599966e+09,3.508160816081106077e+02
1.601637921717700005e+09,3.504880526887138217e+02
1.601637921725600004e+09,3.501781857796928534e+02
1.601637921845499992e+09,3.498874421422222554e+02
1.601637921935600042e+09,3.496011814773208926e+02
1.601637922055599928e+09,3.493203359170368003e+02
1.601637922282500029e+09,3.490614100244476390e+02
1.601637922283099890e+09,3.488097052423189552e+02
1.601637922385499954e+09,3.485802259837134329e+02
1.601637922505599976e+09,3.483582445622704427e+02
1.601637922595599890e+09,3.481587362619258670e+02
1.601637922829299927e+09,3.479669442671925026e+02
1.601637922829799891e+09,3.477822131727238002e+02
1.601637922925499916e+09,3.476194600042030629e+02
1.601637923015500069e+09,3.474638696878898827e+02
1.601637923135600090e+09,3.473147285601849603e+02
1.601637923255800009e+09,3.471712938283622520e+02
1.601637923421299934e+09,3.470327935705695950e+02
1.601637923465500116e+09,3.469140282959838260e+02
1.601637923555500031e+09,3.468000664143587528e+02
1.601637923675499916e+09,3.466759472063214957e+02
1.601637923935699940e+09,3.465861158930930515e+02
1.601637923936199903e+09,3.464999810660181652e+02
1.601637924005500078e+09,3.464166542867382645e+02
1.601637924095599890e+09,3.463352179877686012e+02
1.601637924215500116e+09,3.462547254724976824e+02
1.601637924335599899e+09,3.461742009151875550e+02
1.601637924505700111e+09,3.460926393609738625e+02
1.601637924545500040e+09,3.460090067258657314e+02
1.601637924635499954e+09,3.459378413569017425e+02
1.601637924755500078e+09,3.458498189624292536e+02
1.601637924876600027e+09,3.457594196312339818e+02
1.601637925107500076e+09,3.456810943229750137e+02
1.601637925108000040e+09,3.455995618978878952e+02
1.601637925175400019e+09,3.455136426263491103e+02
1.601637925295500040e+09,3.454377292097647114e+02
1.601637925415600061e+09,3.453564822501172671e+02
1.601637925647200108e+09,3.452842653196864262e+02
1.601637925647700071e+09,3.452057098913280129e+02
1.601637925745500088e+09,3.451351504081953294e+02
1.601637925835400105e+09,3.450727907741737113e+02
1.601637925986099958e+09,3.450032333329927496e+02
1.601637926183900118e+09,3.449407833986788887e+02
1.601637926184400082e+09,3.448856157459913447e+02
1.601637926285399914e+09,3.448223035895329076e+02
1.601637926375499964e+09,3.447651231142038455e+02
1.601637926495500088e+09,3.447142199656366301e+02
1.601637926585599899e+09,3.446697397894636197e+02
1.601637926755800009e+09,3.446176976920500010e+02
1.601637926825500011e+09,3.445879422893252126e+02
1.601637926915499926e+09,3.445508871274983562e+02
1.601637927035500050e+09,3.445066487230753864e+02
1.601637927125699997e+09,3.444694450027033668e+02
1.601637927297800064e+09,3.444393633537617347e+02
1.601637927365499973e+09,3.444164911636300985e+02
1.601637927455399990e+09,3.444009158196879525e+02
1.601637927575500011e+09,3.443927247093147912e+02
1.601637927695499897e+09,3.443920052198901089e+02
1.601637927865600109e+09,3.443988447387934571e+02
1.601637927935400009e+09,3.443977290932483584e+02
1.601637927995699883e+09,3.444028470807752456e+02
1.601637928115600109e+09,3.444142569596272097e+02
1.601637928235599995e+09,3.444320169880572280e+02
1.601637928325799942e+09,3.444561854243183348e+02
1.601637928527699947e+09,3.444882915475520235e+02
1.601637928535399914e+09,3.445142630767437595e+02
1.601637928655499935e+09,3.445482596802876287e+02
1.601637928775500059e+09,3.445903104873100915e+02
1.601637929000200033e+09,3.446404446269376081e+02
1.601637929000699997e+09,3.446986912282968092e+02
1.601637929075500011e+09,3.447650794205140414e+02
1.601637929195400000e+09,3.448396383327159356e+02
1.601637929315500021e+09,3.449067955338729234e+02
1.601637929405600071e+09,3.449806815632525741e+02
1.601637929569900036e+09,3.450612964208547737e+02
1.601637929615499973e+09,3.451330385465236645e+02
1.601637929735500097e+09,3.452100093504001279e+02
1.601637929855499983e+09,3.452921797033577604e+02
1.601637929945499897e+09,3.453639189161139598e+02
1.601637930109600067e+09,3.454392992696833176e+02
1.601637930185400009e+09,3.455182625058127428e+02
1.601637930275500059e+09,3.455851488060932297e+02
1.601637930395499945e+09,3.456540013224128529e+02
1.601637930485599995e+09,3.457247326673919474e+02
1.601637930687799931e+09,3.457972554536511325e+02
1.601637930725500107e+09,3.458856128330784259e+02
1.601637930815399885e+09,3.459585434271087365e+02
1.601637930935400009e+09,3.460300903876300254e+02
1.601637931025500059e+09,3.461142968665303670e+02
1.601637931227299929e+09,3.462096335846681541e+02
1.601637931265599966e+09,3.463146003920285239e+02
1.601637931355400085e+09,3.464135957284553342e+02
1.601637931475399971e+09,3.465207501332161542e+02
1.601637931565500021e+09,3.466346217145489845e+02
1.601637931827600002e+09,3.467396671705508879e+02
1.601637931828099966e+09,3.468500752987422970e+02
1.601637931895499945e+09,3.469503319263468484e+02
1.601637932015399933e+09,3.470405244407438090e+02
1.601637932135499954e+09,3.471348707685805266e+02
1.601637932225500107e+09,3.472178858662067569e+02
1.601637932395600080e+09,3.472896862501286250e+02
1.601637932465399981e+09,3.473503884368521426e+02
1.601637932555399895e+09,3.474001089428833211e+02
1.601637932675499916e+09,3.474530948239957411e+02
1.601637932765599966e+09,3.474938901656657890e+02
1.601637932935899973e+09,3.475226406135261072e+02
1.601637932975399971e+09,3.475550933733652528e+02
1.601637933095499992e+09,3.475772926806745886e+02
1.601637933216599941e+09,3.475894133102132741e+02
1.601637933305500031e+09,3.475916300367403551e+02
1.601637933475699902e+09,3.475841176350147066e+02
1.601637933515399933e+09,3.475670508797954881e+02
1.601637933635499954e+09,3.475406045458416884e+02
1.601637933755500078e+09,3.475049534079123532e+02
1.601637933845599890e+09,3.474602722407664714e+02
1.601637934047600031e+09,3.474067358191632024e+02
1.601637934085400105e+09,3.473445189178614783e+02
1.601637934175400019e+09,3.472737963116202877e+02
1.601637934295599937e+09,3.471947427751986766e+02
1.601637934385600090e+09,3.471075330833556905e+02
1.601637934585299969e+09,3.469982114715828629e+02
1.601637934625499964e+09,3.469122572450922917e+02
1.601637934715699911e+09,3.468045406481898567e+02
1.601637934835500002e+09,3.466893669949022296e+02
1.601637934925499916e+09,3.465669110599883993e+02
1.601637935183900118e+09,3.464373476182073546e+02
1.601637935184400082e+09,3.462867209050506290e+02
1.601637935255399942e+09,3.461307781263067227e+02
1.601637935375400066e+09,3.459837954668757902e+02
1.601637935465500116e+09,3.458303461413607351e+02
1.601637935585599899e+09,3.456564743852531478e+02
1.601637935747900009e+09,3.455076595037650122e+02
1.601637935795399904e+09,3.453543733013582937e+02
1.601637935915400028e+09,3.451968196819187256e+02
1.601637936005500078e+09,3.450352025493316432e+02
1.601637936125600100e+09,3.448697258074827801e+02
1.601637936297899961e+09,3.447005933602575283e+02
1.601637936335400105e+09,3.445138785722739385e+02
1.601637936455499887e+09,3.443394883177145402e+02
1.601637936575500011e+09,3.441478944010412988e+02
1.601637936665499926e+09,3.439548731571693452e+02
1.601637936863100052e+09,3.437605993608577819e+02
1.601637936875499964e+09,3.435652477868653705e+02
1.601637936995399952e+09,3.433689932099513840e+02
1.601637937115400076e+09,3.431720104048748681e+02
1.601637937205499887e+09,3.429744741463945843e+02
1.601637937406599998e+09,3.427765592092698625e+02
1.601637937415400028e+09,3.425784403682595780e+02
1.601637937535500050e+09,3.423802923981227764e+02
1.601637937655499935e+09,3.421837610945070196e+02
1.601637937745399952e+09,3.419748906929037844e+02
1.601637937977200031e+09,3.417835589383691399e+02
1.601637937977699995e+09,3.415958100663945629e+02
1.601637938075500011e+09,3.414118188517392127e+02
1.601637938195400000e+09,3.412317600691619077e+02
1.601637938285500050e+09,3.410558084934218641e+02
1.601637938405499935e+09,3.408841388992780139e+02
1.601637938601099968e+09,3.407169260614894029e+02
1.601637938615499973e+09,3.405543447548150766e+02
1.601637938735399961e+09,3.403824392147465687e+02
1.601637938825400114e+09,3.402169566470723225e+02
1.601637938945499897e+09,3.400580426974249235e+02
1.601637939105600119e+09,3.399058430114369571e+02
1.601637939155400038e+09,3.397605032347408383e+02
1.601637939275399923e+09,3.396221690129691524e+02
1.601637939365400076e+09,3.395065875519105134e+02
1.601637939485399961e+09,3.393998030870562275e+02
1.601637939678499937e+09,3.393019903931655676e+02
1.601637939695400000e+09,3.392133242449972386e+02
1.601637939815500021e+09,3.391339794173106839e+02
1.601637939935400009e+09,3.390641306848646082e+02
1.601637940025500059e+09,3.390039528224181709e+02
1.601637940217200041e+09,3.389536206047303608e+02
1.601637940235399961e+09,3.389133088065602806e+02
1.601637940355400085e+09,3.388831922026668622e+02
1.601637940445400000e+09,3.388634455678092081e+02
1.601637940565500021e+09,3.388542436767463641e+02
1.601637940757200003e+09,3.388557613042372623e+02
1.601637940775399923e+09,3.388823037643084604e+02
1.601637940895400047e+09,3.389184734006895496e+02
1.601637941015399933e+09,3.389644741172660929e+02
1.601637941165600061e+09,3.390205098179235961e+02
1.601637941325500011e+09,3.391009149458149068e+02
1.601637941325999975e+09,3.391903209737964175e+02
1.601637941435400009e+09,3.392889609348799240e+02
1.601637941555399895e+09,3.393970678620773924e+02
1.601637941645499945e+09,3.395134037675126137e+02
1.601637941765599966e+09,3.396367306633089242e+02
1.601637941925899982e+09,3.397672815824784607e+02
1.601637941975399971e+09,3.398896879978773313e+02
1.601637942095499992e+09,3.400026827925024122e+02
1.601637942185400009e+09,3.401049697202242896e+02
1.601637942305500031e+09,3.402249555052104029e+02
1.601637942465699911e+09,3.403316118019080818e+02
1.601637942515399933e+09,3.404236132350611683e+02
1.601637942635400057e+09,3.405152068604430156e+02
1.601637942725399971e+09,3.406050381736714598e+02
1.601637942845499992e+09,3.406917526703638259e+02
1.601637943038800001e+09,3.407754668670261822e+02
1.601637943055399895e+09,3.408406957200085117e+02
1.601637943175400019e+09,3.409157876952255037e+02
1.601637943265399933e+09,3.409993882882945400e+02
1.601637943385400057e+09,3.410760415846921205e+02
1.601637943636100054e+09,3.411600237693183431e+02
1.601637943636600018e+09,3.412203064966201964e+02
1.601637943715399981e+09,3.412852964907652336e+02
1.601637943805399895e+09,3.413395669663564718e+02
1.601637943925400019e+09,3.413974232374204689e+02
1.601637944148799896e+09,3.414575981869542147e+02
1.601637944149300098e+09,3.415188538270813865e+02
1.601637944255399942e+09,3.415658507597843254e+02
1.601637944346499920e+09,3.416129816864692543e+02
1.601637944465399981e+09,3.416590668775125437e+02
1.601637944688899994e+09,3.417029557324174789e+02
1.601637944689399958e+09,3.417293962405458956e+02
1.601637944795399904e+09,3.417387379514161125e+02
1.601637944915400028e+09,3.417454609538133923e+02
1.601637945005399942e+09,3.417343423662264854e+02
1.601637945125600100e+09,3.417198914065674558e+02
1.601637945289900064e+09,3.416869143224512868e+02
1.601637945335400105e+09,3.416499494609165026e+02
1.601637945455600023e+09,3.416094337588609164e+02
1.601637945545300007e+09,3.415502317221523185e+02
1.601637945665499926e+09,3.414854689351940920e+02
1.601637945859200001e+09,3.414000390329806010e+02
1.601637945875400066e+09,3.413085677499299777e+02
1.601637945995500088e+09,3.411959778501633309e+02
1.601637946085500002e+09,3.410925257573812246e+02
1.601637946205399990e+09,3.409690619546902894e+02
1.601637946398499966e+09,3.408246980037320668e+02
1.601637946415400028e+09,3.406585454661482117e+02
1.601637946535399914e+09,3.405009190238924361e+02
1.601637946625499964e+09,3.403071258581680922e+02
1.601637946745500088e+09,3.400919082198994943e+02
1.601637946939100027e+09,3.398700083600105586e+02
1.601637946955300093e+09,3.396264655591285759e+02
1.601637947075400114e+09,3.393760511973040934e+02
1.601637947165400028e+09,3.391038336842906915e+02
1.601637947285500050e+09,3.388402150894215765e+02
1.601637947509200096e+09,3.385405899812797657e+02
1.601637947509700060e+09,3.382495200975923808e+02
1.601637947645400047e+09,3.379380306962251552e+02
1.601637947705300093e+09,3.376068791344670217e+02
1.601637947825400114e+09,3.372709533088748231e+02
1.601637948048700094e+09,3.369154381457079808e+02
1.601637948049200058e+09,3.365552506706497979e+02
1.601637948155299902e+09,3.361897354783539527e+02
1.601637948245399952e+09,3.358182662926004696e+02
1.601637948365400076e+09,3.354261154270286625e+02
1.601637948485599995e+09,3.350282872947009309e+02
1.601637948650700092e+09,3.346398154378064760e+02
1.601637948725399971e+09,3.342460595573641626e+02
1.601637948785399914e+09,3.338324084835189183e+02
1.601637948905400038e+09,3.334139831458395520e+02
1.601637949026499987e+09,3.329903320428653615e+02
1.601637949218100071e+09,3.325469022629941378e+02
1.601637949235300064e+09,3.320988729940478947e+02
1.601637949355400085e+09,3.316458509928187937e+02
1.601637949445300102e+09,3.311874721452253425e+02
1.601637949565399885e+09,3.307092709270454520e+02
1.601637949758100033e+09,3.302421154736359767e+02
1.601637949775399923e+09,3.297715985190279753e+02
1.601637949895400047e+09,3.292974724656460239e+02
1.601637949985300064e+09,3.288195188450413298e+02
1.601637950135400057e+09,3.283375483178916170e+02
1.601637950333300114e+09,3.278514006740011268e+02
1.601637950333800077e+09,3.273468142930329350e+02
1.601637950435400009e+09,3.268392596540739419e+02
1.601637950525300026e+09,3.263286348051813093e+02
1.601637950645400047e+09,3.258007363842713175e+02
1.601637950869100094e+09,3.252710931286838445e+02
1.601637950869600058e+09,3.247255308054612328e+02
1.601637950975300074e+09,3.241796072810700480e+02
1.601637951065299988e+09,3.236333079909468893e+02
1.601637951185300112e+09,3.230725169603875884e+02
1.601637951439100027e+09,3.225128503141113470e+02
1.601637951439599991e+09,3.219402212065405706e+02
1.601637951545300007e+09,3.213561443522532954e+02
1.601637951605299950e+09,3.207621344658277849e+02
1.601637951725399971e+09,3.201582352409540135e+02
1.601637951845400095e+09,3.195444903713214444e+02
1.601637952038100004e+09,3.189365451107761373e+02
1.601637952055299997e+09,3.183203417428666171e+02
1.601637952145299911e+09,3.176959530904092048e+02
1.601637952265399933e+09,3.170775825154876202e+02
1.601637952385400057e+09,3.164653319700448151e+02
1.601637952578999996e+09,3.158593325351499743e+02
1.601637952595400095e+09,3.152441428608428282e+02
1.601637952685300112e+09,3.146199231573191923e+02
1.601637952805299997e+09,3.140024351949307970e+02
1.601637952925400019e+09,3.133918683129999749e+02
1.601637953118799925e+09,3.127884409799754621e+02
1.601637953135299921e+09,3.121924007934326255e+02
1.601637953225399971e+09,3.116025534591847759e+02
1.601637953345299959e+09,3.110177338121716275e+02
1.601637953465399981e+09,3.104382768373479848e+02
1.601637953688999891e+09,3.098645466487952262e+02
1.601637953689500093e+09,3.092954654688326741e+02
1.601637953795300007e+09,3.087158541096385420e+02
1.601637953885299921e+09,3.081417365037032141e+02
1.601637954005300045e+09,3.075735641524877337e+02
1.601637954228600025e+09,3.069962161264230645e+02
1.601637954229099989e+09,3.063945714959405677e+02
1.601637954335299969e+09,3.057988138619248843e+02
1.601637954425299883e+09,3.051938222948071484e+02
1.601637954545300007e+09,3.045800774251746361e+02
1.601637954635299921e+09,3.039580598836147374e+02
1.601637954797499895e+09,3.033282503007147852e+02
1.601637954875299931e+09,3.026911293070621127e+02
1.601637954965300083e+09,3.020315759730880814e+02
1.601637955085299969e+09,3.013641723395208487e+02
1.601637955175400019e+09,3.006893699078214581e+02
1.601637955398400068e+09,3.000076201794507256e+02
1.601637955415299892e+09,2.993179036349808371e+02
1.601637955505300045e+09,2.986192007549841492e+02
1.601637955625299931e+09,2.979260935801890469e+02
1.601637955745300055e+09,2.972390627411830337e+02
1.601637955938999891e+09,2.965430164375235904e+02
1.601637955955300093e+09,2.958525949681923066e+02
1.601637956045300007e+09,2.951527356618733506e+02
1.601637956165299892e+09,2.944581079466748292e+02
1.601637956285399914e+09,2.937536782804073709e+02
1.601637956508100033e+09,2.930541452203052586e+02
1.601637956508599997e+09,2.923303738140385235e+02
1.601637956585299969e+09,2.915970626188415054e+02
1.601637956705300093e+09,2.908547796526809179e+02
1.601637956825400114e+09,2.901040929335236456e+02
1.601637957049000025e+09,2.893455704793365726e+02
1.601637957049499989e+09,2.885797803080864696e+02
1.601637957125299931e+09,2.878072904377403916e+02
1.601637957245300055e+09,2.870145383469974263e+02
1.601637957365299940e+09,2.862317950241215954e+02
1.601637957455300093e+09,2.854298963876561288e+02
1.601637957649100065e+09,2.846391134258648776e+02
1.601637957665299892e+09,2.838458836174473277e+02
1.601637957785399914e+09,2.830507749803700790e+02
1.601637957905299902e+09,2.822684860718676418e+02
1.601637957995300055e+09,2.814840124788773892e+02
1.601637958155400038e+09,2.807120818877601778e+02
1.601637958235300064e+09,2.799377190145797272e+02
1.601637958325299978e+09,2.791756806748235817e+02
1.601637958445300102e+09,2.783968901744144091e+02
1.601637958565399885e+09,2.776317058889957252e+02
1.601637958788399935e+09,2.768666526846463398e+02
1.601637958788899899e+09,2.760882554274449490e+02
1.601637958865299940e+09,2.753127419537676133e+02
1.601637958985500097e+09,2.745407385398340807e+02
1.601637959075299978e+09,2.737572699017082982e+02
1.601637959325400114e+09,2.729629331864834398e+02
1.601637959325900078e+09,2.721738979722825320e+02
1.601637959405299902e+09,2.713766017378048332e+02
1.601637959526099920e+09,2.705715833718906538e+02
1.601637959615299940e+09,2.697593526342538439e+02
1.601637959865999937e+09,2.689701222549053909e+02
1.601637959866600037e+09,2.681746698941354907e+02
1.601637959945300102e+09,2.673734761825314195e+02
1.601637960065399885e+09,2.665825941817100784e+02
1.601637960185300112e+09,2.657883448538648281e+02
1.601637960407000065e+09,2.650052811105973660e+02
1.601637960407500029e+09,2.642182237640861331e+02
1.601637960516400099e+09,2.634431676176948258e+02
1.601637960605299950e+09,2.626663753753639980e+02
1.601637960725300074e+09,2.618882111511746871e+02
1.601637960815299988e+09,2.611090099300818110e+02
1.601637960975300074e+09,2.603432081071811695e+02
1.601637961025899887e+09,2.595896405174125903e+02
1.601637961145299911e+09,2.588330114564483324e+02
1.601637961265300035e+09,2.581033297504137636e+02
1.601637961355299950e+09,2.573852996949811995e+02
1.601637961517400026e+09,2.566777561250903545e+02
1.601637961565299988e+09,2.559951354358369997e+02
1.601637961685300112e+09,2.553221710520200816e+02
1.601637961805200100e+09,2.546591979585943761e+02
1.601637961895999908e+09,2.540065511405146026e+02
1.601637962116899967e+09,2.533489640225795370e+02
1.601637962135299921e+09,2.527164745600411209e+02
1.601637962225300074e+09,2.520938161776981588e+02
1.601637962345299959e+09,2.514813238605053982e+02
1.601637962435300112e+09,2.508949341535735584e+02
1.601637962687000036e+09,2.503491417102516152e+02
1.601637962687599897e+09,2.498131657825619243e+02
1.601637962765300035e+09,2.493015592821060693e+02
1.601637962885299921e+09,2.487991721501890936e+02
1.601637962976399899e+09,2.483205864275391832e+02
1.601637963234600067e+09,2.478506811845877564e+02
1.601637963235199928e+09,2.473884660310336869e+02
1.601637963305299997e+09,2.469188200373081088e+02
1.601637963425199986e+09,2.464563252441395775e+02
1.601637963516400099e+09,2.459858315928327954e+02
1.601637963635299921e+09,2.455374935551455735e+02
1.601637963836600065e+09,2.450961610723828414e+02
1.601637963845200062e+09,2.446466840858492731e+02
1.601637963965300083e+09,2.441894849678792809e+02
1.601637964055299997e+09,2.437390875009481590e+02
1.601637964175299883e+09,2.432646818079517459e+02
1.601637964345400095e+09,2.427807334131123582e+02
1.601637964385299921e+09,2.422875481722582833e+02
1.601637964535300016e+09,2.417854028120912915e+02
1.601637964626399994e+09,2.412730739092981764e+02
1.601637964715300083e+09,2.407649104715952149e+02
1.601637964916199923e+09,2.402470004281637443e+02
1.601637964925199986e+09,2.397336636575935245e+02
1.601637965045200109e+09,2.392094879390508595e+02
1.601637965165299892e+09,2.387043655821550772e+02
1.601637965255300045e+09,2.382028843660723680e+02
1.601637965375299931e+09,2.377037626092365485e+02
1.601637965540400028e+09,2.372213201902374635e+02
1.601637965585200071e+09,2.367401740173678490e+02
1.601637965705199957e+09,2.362605425590764128e+02
1.601637968561199903e+09,2.357685137445445491e+02
1.601637968566400051e+09,2.352940090125180461e+02
1.601637968569799900e+09,2.348075147320220708e+02
1.601637968573600054e+09,2.343389523418025817e+02
1.601637968577199936e+09,2.338729387501521728e+02
1.601637968581000090e+09,2.333940908653637791e+02
1.601637968584000111e+09,2.329025980267596481e+02
1.601637968587300062e+09,2.323986204445354247e+02
1.601637968591200113e+09,2.318822891997605211e+02
1.601637968594199896e+09,2.313537062443776335e+02
1.601637968597899914e+09,2.308129444012031399e+02
1.601637968600899935e+09,2.302459168246592753e+02
1.601637968604300022e+09,2.296540799710710417e+02
1.601637968607500076e+09,2.290529625777784020e+02
1.601637968610599995e+09,2.284283321535709774e+02
1.601637968614000082e+09,2.278112316085651230e+02
1.601637968619800091e+09,2.271732396540299703e+02
1.601637968623500109e+09,2.265312104025612143e+02
1.601637968627199888e+09,2.258722367382045206e+02
1.601637968631099939e+09,2.252130853861762319e+02
1.601637968634299994e+09,2.245407618431424055e+02
1.601637968637500048e+09,2.238719454469398045e+02
1.601637968640599966e+09,2.232232864062785893e+02
1.601637968644399881e+09,2.225661012702892663e+02
1.601637968648099899e+09,2.219169819894293028e+02
1.601637968653399944e+09,2.212768898248731375e+02
1.601637968657599926e+09,2.206467569086689196e+02
1.601637969523600101e+09,2.200274862437385650e+02
1.601637969527400017e+09,2.194043501437208192e+02
1.601637969530600071e+09,2.187781642241580471e+02
1.601637969533699989e+09,2.181638163816069209e+02
1.601637969536799908e+09,2.175605638233414822e+02
1.601637969540299892e+09,2.169535040882418286e+02
1.601637969543400049e+09,2.163588795772471371e+02
1.601637969546200037e+09,2.157773020020139825e+02
1.601637969873300076e+09,2.152093539450723938e+02
1.601637969877300024e+09,2.146711904199821390e+02
1.601637969881400108e+09,2.141633648801467018e+02
1.601637970044100046e+09,2.136566986795461105e+02
1.601637970047699928e+09,2.131814191127544404e+02
1.601637970146399975e+09,2.127380213749225675e+02
1.601637970236599922e+09,2.123270006612007421e+02
1.601637970411000013e+09,2.119488521667396981e+02
1.601637970524800062e+09,2.116040710866900554e+02
1.601637971166899920e+09,2.112931526162022635e+02
1.601637971175499916e+09,2.110009903902709993e+02
1.601637971185800076e+09,2.107563115534553333e+02
1.601637971196399927e+09,2.105440097407497433e+02
1.601637971199899912e+09,2.103504496080374793e+02
1.601637971204600096e+09,2.101916987814985021e+02
1.601637971593600035e+09,2.100526217670010283e+02
1.601637971599100113e+09,2.099477860407098433e+02
1.601637971604399920e+09,2.098634980002553618e+02
1.601637971636499882e+09,2.098157670135644537e+02
1.601637971746700048e+09,2.098050008884083013e+02
1.601637972134500027e+09,2.098174768932903476e+02
1.601637972145100117e+09,2.098535737068552294e+02
1.601637972150099993e+09,2.099121698577324082e+02
1.601637972159100056e+09,2.099935857663135721e+02
1.601637972686000109e+09,2.100839821845961239e+02
1.601637972696700096e+09,2.101977226848597411e+02
1.601637972705300093e+09,2.103194096108338442e+02
1.601637972710200071e+09,2.104633191474185310e+02
1.601637972720900059e+09,2.106139662509638413e+02
1.601637972731300116e+09,2.108011412791462362e+02
1.601637973153500080e+09,2.109951703907952663e+02
1.601637973163399935e+09,2.112116551460668461e+02
1.601637973180299997e+09,2.114505664158346008e+02
1.601637973193399906e+09,2.116962443816894108e+02
1.601637973583100080e+09,2.119783046265487485e+02
1.601637973591799974e+09,2.122668985344832038e+02
1.601637973602499962e+09,2.125462497705777025e+02
1.601637973611200094e+09,2.128443572512285868e+02
1.601637973718100071e+09,2.131453281250149701e+02
1.601637974063100100e+09,2.134629433816862729e+02
1.601637974067800045e+09,2.137812227824417732e+02
1.601637974074599981e+09,2.140997293903840557e+02
1.601637974138000011e+09,2.144320985496300693e+02
1.601637974257600069e+09,2.147778059359026201e+02
1.601637974644000053e+09,2.151362980957982245e+02
1.601637974665199995e+09,2.155069924467866258e+02
1.601637974688299894e+09,2.158751467379437941e+02
1.601637974726200104e+09,2.162542215386276894e+02
1.601637974838900089e+09,2.166435177498021858e+02
1.601637975165299892e+09,2.170579087034605834e+02
1.601637975168999910e+09,2.174669340720168691e+02
1.601637975183900118e+09,2.178995394684787072e+02
1.601637975216500044e+09,2.183408078671631927e+02
1.601637975367700100e+09,2.188055252126840742e+02
1.601637975726200104e+09,2.192787453502317589e+02
1.601637975735800028e+09,2.197596235351375640e+02
1.601637975740600109e+09,2.202472858936064029e+02
1.601637975818300009e+09,2.207564309828724731e+02
1.601637975879300117e+09,2.212705542398582850e+02
1.601637975996200085e+09,2.217887235325156325e+02
1.601637976216700077e+09,2.223099775996698497e+02
1.601637976223400116e+09,2.228318550301313223e+02
1.601637976296400070e+09,2.233659958228512892e+02
1.601637976416300058e+09,2.238943078773576474e+02
1.601637976536099911e+09,2.244142715242077202e+02
1.601637976905200005e+09,2.249389395249882284e+02
1.601637976908900023e+09,2.254672341020186650e+02
1.601637976912699938e+09,2.259966064567298076e+02
1.601637976956300020e+09,2.265245077905523772e+02
1.601637977076400042e+09,2.270342587656498097e+02
1.601637977303699970e+09,2.275374119935939632e+02
1.601637977306999922e+09,2.280172590074214440e+02
1.601637977406199932e+09,2.284882653313547678e+02
1.601637977496099949e+09,2.289634254687276780e+02
1.601637977616899967e+09,2.294260309525769799e+02
1.601637977851000071e+09,2.298749748760954503e+02
1.601637977854599953e+09,2.303091503324759799e+02
1.601637977946399927e+09,2.307430519750673454e+02
1.601637978036299944e+09,2.311629425078099018e+02
1.601637978156199932e+09,2.315692151739114308e+02
1.601637978397000074e+09,2.319763937558471980e+02
1.601637978400099993e+09,2.323692990657956727e+02
1.601637978486099958e+09,2.327483534760910402e+02
1.601637978576499939e+09,2.331295809192236277e+02
1.601637978696599960e+09,2.335134328966542512e+02
1.601637978786099911e+09,2.338862594997028452e+02
1.601637978991300106e+09,2.342641429191127145e+02
1.601637979026099920e+09,2.346334623753301685e+02
1.601637979116100073e+09,2.349947276280689721e+02
1.601637979236200094e+09,2.353625789763105161e+02
1.601637979356199980e+09,2.357375553088951108e+02
1.601637979536099911e+09,2.360904925443662421e+02
1.601637979566299915e+09,2.364516616709875905e+02
1.601637979656100035e+09,2.367918986073025849e+02
1.601637979776099920e+09,2.371414743415749626e+02
1.601637979896100044e+09,2.375009568917716365e+02
1.601637980070499897e+09,2.378412113055625241e+02
1.601637980106100082e+09,2.381769361401818799e+02
1.601637980196099997e+09,2.385228299528640150e+02
1.601637980316099882e+09,2.388794898907023878e+02
1.601637980436100006e+09,2.392319406697608599e+02
1.601637980640700102e+09,2.395808085662591509e+02
1.601637980646199942e+09,2.399267198564172645e+02
1.601637980736099958e+09,2.402688297955665178e+02
1.601637980886199951e+09,2.406218951991941992e+02
1.601637980976099968e+09,2.409709699124906876e+02
1.601637981183399916e+09,2.413152383199139308e+02
1.601637981186700106e+09,2.416397542666541653e+02
1.601637981276200056e+09,2.419592745681989072e+02
1.601637981426100016e+09,2.422729544798792745e+02
1.601637981516099930e+09,2.425658187177593277e+02
1.601637981769599915e+09,2.428525949681999236e+02
1.601637981772700071e+09,2.431168077972497485e+02
1.601637981846400023e+09,2.433716847412547963e+02
1.601637981936199903e+09,2.436319243574493498e+02
1.601637982056699991e+09,2.438683916935033835e+02
1.601637982146199942e+09,2.440957853066510665e+02
1.601637982361700058e+09,2.443132021939708238e+02
1.601637982386100054e+09,2.445353409126970234e+02
1.601637982476099968e+09,2.447471970497670100e+02
1.601637982596100092e+09,2.449478967313856685e+02
1.601637982686399937e+09,2.451380371046462017e+02
1.601637982894399881e+09,2.453182153166421529e+02
1.601637982926199913e+09,2.454875574935782936e+02
1.601637983016099930e+09,2.456607913218154522e+02
1.601637983136100054e+09,2.458385430775735188e+02
1.601637983226200104e+09,2.460058666060428436e+02
1.601637983463000059e+09,2.461775478518372893e+02
1.601637983466500044e+09,2.463386697892737232e+02
1.601637983555999994e+09,2.465040474920925249e+02
1.601637983676100016e+09,2.466587930637370505e+02
1.601637983796099901e+09,2.468177507070741967e+02
1.601637984002199888e+09,2.469675326755623246e+02
1.601637984006299973e+09,2.471088817619271936e+02
1.601637984096199989e+09,2.472566712981624164e+02
1.601637984216099977e+09,2.473960716459641276e+02
1.601637984336100101e+09,2.475419852664523717e+02
1.601637984571399927e+09,2.476810826713384301e+02
1.601637984574500084e+09,2.478141649116012672e+02
1.601637984636100054e+09,2.479561635774872741e+02
1.601637984756200075e+09,2.480781767496782493e+02
1.601637984876100063e+09,2.482107375785767260e+02
1.601637985113100052e+09,2.483546762442879015e+02
1.601637985116199970e+09,2.484811199566202333e+02
1.601637985176300049e+09,2.486206309951027151e+02
1.601637985296299934e+09,2.487584671088112032e+02
1.601637985446099997e+09,2.488954876069774684e+02
1.601637985536099911e+09,2.490481533589895378e+02
1.601637985742199898e+09,2.492017512430496993e+02
1.601637985745300055e+09,2.493571696975165253e+02
1.601637985836100101e+09,2.495152971607482186e+02
1.601637985956099987e+09,2.496911526103709207e+02
1.601637986046099901e+09,2.498559215144457539e+02
1.601637986255500078e+09,2.500402244107547745e+02
1.601637986286099911e+09,2.502293773066268727e+02
1.601637986375999928e+09,2.504242977695468824e+02
1.601637986496200085e+09,2.506259033669998360e+02
1.601637986586299896e+09,2.508492422057380224e+02
1.601637986830800056e+09,2.510655288829493941e+02
1.601637986834399939e+09,2.512898115053863535e+02
1.601637986916199923e+09,2.515371381798013317e+02
1.601637987036200047e+09,2.517928540426497364e+02
1.601637987126100063e+09,2.520423042303869181e+02
1.601637987375099897e+09,2.522849352896093080e+02
1.601637987378200054e+09,2.525201646377868769e+02
1.601637987456099987e+09,2.527629821234188796e+02
1.601637987576100111e+09,2.530127760348488550e+02
1.601637987666199923e+09,2.532689346604200580e+02
1.601637987786099911e+09,2.535011141890525153e+02
1.601637987959000111e+09,2.537383767502600165e+02
1.601637987996200085e+09,2.539800523741330380e+02
1.601637988116100073e+09,2.542098695306059710e+02
1.601637988236099958e+09,2.544427306807986326e+02
1.601637988471199989e+09,2.546794077465634132e+02
1.601637988474200010e+09,2.549036000687081867e+02
1.601637988536099911e+09,2.551287099583379359e+02
1.601637988656199932e+09,2.553398786480223919e+02
1.601637988776099920e+09,2.555519503406284798e+02
1.601637988866100073e+09,2.557641676788671248e+02
1.601637989072000027e+09,2.559913748656051951e+02
1.601637989076299906e+09,2.562045825941449948e+02
1.601637989196399927e+09,2.564186350673534207e+02
1.601637989317100048e+09,2.566327749279413979e+02
1.601637989406300068e+09,2.568477158395083393e+02
1.601637989810800076e+09,2.570641714656535441e+02
1.601637989817600012e+09,2.572813844490876818e+02
1.601637989827699900e+09,2.575141989926779047e+02
1.601637989856499910e+09,2.577477563289940008e+02
1.601637989946300030e+09,2.579827992507619570e+02
1.601637990355799913e+09,2.582200705507073621e+02
1.601637990359800100e+09,2.584588420006678575e+02
1.601637990367300034e+09,2.586983853724807432e+02
1.601637990396399975e+09,2.589535739981394045e+02
1.601637990486399889e+09,2.592095782393401464e+02
1.601637992501399994e+09,2.594671700179354730e+02
1.601637992540699959e+09,2.597271212557777176e+02
1.601637992545099974e+09,2.599887328538306406e+02
1.601637992563400030e+09,2.602669072732142581e+02
1.601637992627700090e+09,2.605468440047515060e+02
1.601637992649300098e+09,2.608278730785326616e+02
1.601637992712500095e+09,2.611093245246480592e+02
1.601637992734999895e+09,2.613905283731882037e+02
1.601637992799599886e+09,2.616722856751320023e+02
1.601637992820100069e+09,2.619553974814582489e+02
1.601637992872999907e+09,2.622391938222572776e+02
1.601637992934099913e+09,2.625230047276195933e+02
1.601637992942399979e+09,2.628061602276355870e+02
1.601637992946399927e+09,2.630879903523955363e+02
1.601637992949700117e+09,2.633834266921460880e+02
1.601637992953799963e+09,2.636776978668363540e+02
1.601637992963799953e+09,2.639701630356832993e+02
1.601637992968499899e+09,2.642616523787922915e+02
1.601637992986500025e+09,2.645529960762688120e+02
1.601637992993000031e+09,2.648435532873295983e+02
1.601637992999900103e+09,2.651326831711917293e+02
1.601637993014800072e+09,2.654197448870719995e+02
1.601637993022099972e+09,2.657196991543434024e+02
1.601637994236700058e+09,2.660178037220816236e+02
1.601637994237400055e+09,2.662993163393628038e+02
1.601637994239399910e+09,2.665791977255595953e+02
1.601637994240700006e+09,2.668568070398890200e+02
1.601637994242700100e+09,2.671315034415680429e+02
1.601637994244699955e+09,2.674041171107019181e+02
1.601637994246700048e+09,2.676754782273960700e+02
1.601637994248800039e+09,2.679449459508673499e+02
1.601637994250699997e+09,2.682118794403327797e+02
1.601637994252899885e+09,2.684756378550091540e+02
1.601637994255500078e+09,2.687214498148458688e+02
1.601637994539799929e+09,2.689642469100892868e+02
1.601637994540499926e+09,2.692033591708299696e+02
1.601637994541699886e+09,2.694381166271580810e+02
1.601637994678800106e+09,2.696678493091640689e+02
1.601637994715100050e+09,2.698918872469384382e+02
1.601637994865299940e+09,2.701251620307274379e+02
1.601637994925100088e+09,2.703529022804805777e+02
1.601637995045099974e+09,2.705744671554145953e+02
1.601637995205800056e+09,2.707892158147465693e+02
1.601637995255100012e+09,2.710106379569607498e+02
1.601637995405200005e+09,2.712522524096681309e+02
1.601637995465100050e+09,2.714979041593090869e+02
1.601637995585400105e+09,2.717314673214505092e+02
1.601637995808799982e+09,2.719821496712388011e+02
1.601637995809400082e+09,2.722338835824940020e+02
1.601637995915299892e+09,2.724847610974299528e+02
1.601637996005199909e+09,2.727485049475430969e+02
1.601637996125299931e+09,2.730091640231593146e+02
1.601637996344899893e+09,2.732649468829986859e+02
1.601637996345499992e+09,2.735296927750636087e+02
1.601637996455199957e+09,2.737734365669184626e+02
1.601637996605299950e+09,2.740100757648187937e+02
1.601637996665400028e+09,2.742535370041465512e+02
1.601637996917700052e+09,2.744739425398457229e+02
1.601637996918600082e+09,2.746852772655512922e+02
1.601637996995199919e+09,2.749015552040247030e+02
1.601637997115200043e+09,2.750929859975894374e+02
1.601637997205300093e+09,2.752736419272600870e+02
1.601637997458699942e+09,2.754434938639100210e+02
1.601637997459199905e+09,2.756025418075392963e+02
1.601637997535200119e+09,2.757352133271184584e+02
1.601637997685199976e+09,2.758712696511974514e+02
1.601637997745199919e+09,2.759810660677322858e+02
1.601637997865299940e+09,2.760646899641025129e+02
1.601637998024399996e+09,2.761222287276876273e+02
1.601637998075200081e+09,2.761693713060230948e+02
1.601637998195100069e+09,2.761921036763475854e+02
1.601637998285099983e+09,2.762061439153229117e+02
1.601637998405200005e+09,2.761975071293141468e+02
1.601637998565299988e+09,2.761663389639539332e+02
1.601637998615200043e+09,2.761127850648747426e+02
1.601637998735199928e+09,2.760525926378650183e+02
1.601637998825200081e+09,2.759576753791488954e+02
1.601637998945199966e+09,2.758437804945148173e+02
1.601637999164799929e+09,2.757110536295953125e+02
1.601637999165299892e+09,2.755752419901789949e+02
1.601637999275199890e+09,2.754223898117572844e+02
1.601637999365400076e+09,2.752385413298217145e+02
1.601637999485300064e+09,2.750394437501608422e+02
1.601637999708199978e+09,2.748408442785632815e+02
1.601637999708699942e+09,2.746287871505203384e+02
1.601637999815299988e+09,2.744034471407912861e+02
1.601637999905299902e+09,2.741649990241349997e+02
1.601638000055200100e+09,2.739292191354666102e+02
1.601638000276299953e+09,2.736821808394039408e+02
1.601638000276799917e+09,2.734099575005652696e+02
1.601638000355099916e+09,2.731439270140214148e+02
1.601638000445100069e+09,2.728701627443906546e+02
1.601638000565200090e+09,2.725888685955583810e+02
1.601638000815900087e+09,2.723002484714101001e+02
1.601638000816400051e+09,2.720045062758313748e+02
1.601638000895200014e+09,2.717174474728637392e+02
1.601638001015100002e+09,2.714110440169841922e+02
1.601638001105099916e+09,2.711152319115018372e+02
1.601638001225199938e+09,2.708005120900051566e+02
1.601638001386300087e+09,2.704826900165357415e+02
1.601638001435199976e+09,2.701619695949790980e+02
1.601638001555099964e+09,2.698541562893766468e+02
1.601638001645100117e+09,2.695453525934731829e+02
1.601638001765199900e+09,2.692357915402805020e+02
1.601638001924299955e+09,2.689257061628106840e+02
1.601638001975100040e+09,2.686153294940760361e+02
1.601638002095099926e+09,2.683048945670881835e+02
1.601638002215300083e+09,2.679805038755919213e+02
1.601638002305299997e+09,2.676579628836286702e+02
1.601638002526499987e+09,2.673672075945075903e+02
1.601638002527299881e+09,2.670646375316761123e+02
1.601638002635200024e+09,2.667660872883022307e+02
1.601638002725199938e+09,2.664717898973981960e+02
1.601638002845200062e+09,2.661819783919758038e+02
1.601638002935199976e+09,2.658968858050473045e+02
1.601638003097500086e+09,2.656167451696245507e+02
1.601638003175199986e+09,2.653417895187196791e+02
1.601638003265199900e+09,2.650581213460772574e+02
1.601638003385200024e+09,2.647971476758947347e+02
1.601638003639199972e+09,2.645449710019166787e+02
1.601638003639699936e+09,2.643018243571551125e+02
1.601638003715199947e+09,2.640679407746221159e+02
1.601638003805099964e+09,2.638294227480622567e+02
1.601638003925199986e+09,2.636020757415169555e+02
1.601638004045099974e+09,2.633861036588718889e+02
1.601638004207600117e+09,2.631973119641684775e+02
1.601638004255199909e+09,2.630218031511512322e+02
1.601638004345200062e+09,2.628456797135647776e+02
1.601638004465199947e+09,2.626847471154506479e+02
1.601638004585200071e+09,2.625548108208502640e+02
1.601638004747800112e+09,2.624419733235083640e+02
1.601638004795200109e+09,2.623464676564368006e+02
1.601638004885299921e+09,2.622543963133801981e+02
1.601638005005100012e+09,2.621815647583800342e+02
1.601638005125200033e+09,2.621437784554779000e+02
1.601638005318099976e+09,2.621271398984182497e+02
1.601638005335099936e+09,2.621177515809457645e+02
1.601638005455100060e+09,2.621314189671018653e+02
1.601638005545200109e+09,2.621683459607721716e+02
1.601638005665199995e+09,2.622287364658420756e+02
1.601638005755399942e+09,2.622986638469296850e+02
1.601638005924000025e+09,2.623939044389499600e+02
1.601638005995100021e+09,2.625146330166621169e+02
1.601638006085200071e+09,2.626610243548250310e+02
1.601638006205199957e+09,2.628176516680418331e+02
1.601638006295200109e+09,2.629690590417889098e+02
1.601638006455600023e+09,2.631294644027133245e+02
1.601638006535099983e+09,2.633130565483355667e+02
1.601638006626199961e+09,2.635042921767528128e+02
1.601638006745399952e+09,2.637017293962028361e+02
1.601638006835200071e+09,2.638897666465297789e+02
1.601638006994800091e+09,2.640824762087480622e+02
1.601638007075099945e+09,2.642782996745897890e+02
1.601638007165100098e+09,2.644756495066603748e+02
1.601638007286400080e+09,2.646587784991712624e+02
1.601638007375200033e+09,2.648572148476604298e+02
1.601638007566900015e+09,2.650551530880863993e+02
1.601638007615200043e+09,2.652508891665486317e+02
1.601638007705199957e+09,2.654582914601760422e+02
1.601638007825099945e+09,2.656473657074064931e+02
1.601638007945100069e+09,2.658319220271160930e+02
1.601638008135200024e+09,2.660257414090542056e+02
1.601638008155100107e+09,2.662128727435468818e+02
1.601638008245100021e+09,2.664070678912169683e+02
1.601638008365200043e+09,2.665923466132638850e+02
1.601638008485199928e+09,2.667683011019166202e+02
1.601638008688999891e+09,2.669344944202775878e+02
1.601638008695100069e+09,2.671045910415900835e+02
1.601638008785200119e+09,2.672781248998303454e+02
1.601638008905100107e+09,2.674546299289740432e+02
1.601638009025199890e+09,2.676336400629970740e+02
1.601638009115400076e+09,2.678005586966079932e+02
1.601638009279599905e+09,2.679704921948121523e+02
1.601638009325099945e+09,2.681429453624590451e+02
1.601638009445199966e+09,2.683174230043979378e+02
1.601638009565200090e+09,2.685075604647458931e+02
1.601638009655299902e+09,2.686972901173227797e+02
1.601638009817600012e+09,2.689017474562605230e+02
1.601638009895200014e+09,2.691204955446615372e+02
1.601638009985100031e+09,2.693375250145987820e+02
1.601638010105200052e+09,2.695524280583011887e+02
1.601638010195400000e+09,2.697789274072652006e+02
1.601638010389300108e+09,2.700166443828462093e+02
1.601638010435199976e+09,2.702652294355261802e+02
1.601638010525199890e+09,2.705087605847576242e+02
1.601638010645200014e+09,2.707610479494163656e+02
1.601638010735300064e+09,2.710061986780814323e+02
1.601638010925299883e+09,2.712439214794877103e+02
1.601638010975199938e+09,2.714739250623702560e+02
1.601638011065200090e+09,2.717100486747314676e+02
1.601638011185100079e+09,2.719520301544328049e+02
1.601638011275199890e+09,2.721855059291947327e+02
1.601638011496799946e+09,2.724102429660051712e+02
1.601638011515100002e+09,2.726260082318520972e+02
1.601638011605200052e+09,2.728325686937234877e+02
1.601638011725100040e+09,2.730296913186073198e+02
1.601638011845299959e+09,2.732171430734914566e+02
1.601638012036999941e+09,2.734102924855200740e+02
1.601638012055099964e+09,2.735792035513838982e+02
1.601638012145200014e+09,2.737533753374945604e+02
1.601638012265199900e+09,2.739184734006988720e+02
1.601638012385200024e+09,2.740742938371114974e+02
1.601638012475199938e+09,2.742206327428467034e+02
1.601638012635600090e+09,2.743572862140190409e+02
1.601638012685100079e+09,2.744840503467428903e+02
1.601638012805099964e+09,2.746007212371329160e+02
1.601638012955300093e+09,2.747070949813034417e+02
1.601638013015199900e+09,2.748029676753689614e+02
1.601638013175600052e+09,2.749037369755999407e+02
1.601638013225100040e+09,2.749950975679698786e+02
1.601638013345099926e+09,2.750612731175636441e+02
1.601638013465199947e+09,2.751317918199192718e+02
1.601638013555200100e+09,2.751923483610102608e+02
1.601638013777199984e+09,2.752286374268100531e+02
1.601638013777699947e+09,2.752701872128566265e+02
1.601638013885099888e+09,2.753012213842349638e+02
1.601638014005199909e+09,2.753215651661859624e+02
1.601638014095200062e+09,2.753310437839506335e+02
1.601638014289000034e+09,2.753309534836584476e+02
1.601638014335200071e+09,2.753225905114389320e+02
1.601638014425100088e+09,2.753057800925329275e+02
1.601638014545099974e+09,2.752944779914490141e+02
1.601638014635099888e+09,2.752588064631311227e+02
1.601638014861099958e+09,2.752297938531322643e+02
1.601638014875099897e+09,2.751931639765523983e+02
1.601638014965100050e+09,2.751487711877589390e+02
1.601638015085200071e+09,2.750964698411194718e+02
1.601638015175100088e+09,2.750361142910013541e+02
1.601638015406300068e+09,2.749831604519281427e+02
1.601638015415299892e+09,2.749233612681262571e+02
1.601638015505100012e+09,2.748566002230897425e+02
1.601638015625099897e+09,2.747827608003125306e+02
1.601638015715100050e+09,2.747017264832886099e+02
1.601638015835200071e+09,2.746289823156679404e+02
1.601638016036799908e+09,2.745503103708036292e+02
1.601638016045099974e+09,2.744797538005834667e+02
1.601638016165100098e+09,2.744016527865986177e+02
1.601638016285099983e+09,2.743456811700194748e+02
1.601638016375200033e+09,2.742962373906900098e+02
1.601638016571700096e+09,2.742518795568484506e+02
1.601638016585099936e+09,2.742253254451266002e+02
1.601638016705100060e+09,2.742152205511420675e+02
1.601638016825200081e+09,2.742061380894978129e+02
1.601638016915199995e+09,2.741968109431909397e+02
1.601638017107000113e+09,2.741860011243449549e+02
1.601638017125099897e+09,2.741724997742099958e+02
1.601638017245199919e+09,2.741707287233184616e+02
1.601638017365099907e+09,2.741795665003000408e+02
1.601638017455199957e+09,2.741823483318812578e+02
1.601638017677200079e+09,2.741921706733386941e+02
1.601638017677700043e+09,2.741924561387784252e+02
1.601638017785099983e+09,2.741978595917451571e+02
1.601638017905100107e+09,2.741933620546128054e+02
1.601638017995100021e+09,2.741639736788820301e+02
1.601638018220099926e+09,2.741244367154769748e+02
1.601638018235100031e+09,2.740895225444482435e+02
1.601638018325099945e+09,2.740443287046758769e+02
1.601638018445100069e+09,2.739739818641665465e+02
1.601638018535200119e+09,2.738933407903504644e+02
1.601638018655200005e+09,2.737875612803607055e+02
1.601638018816200018e+09,2.736730022516422878e+02
1.601638018865099907e+09,2.735363196513434332e+02
1.601638018985100031e+09,2.733782999658797621e+02
1.601638019075200081e+09,2.731997296816668381e+02
1.601638019195100069e+09,2.730013952851205090e+02
1.601638019395699978e+09,2.727840832626561678e+02
1.601638019405100107e+09,2.725641816608454633e+02
1.601638019525199890e+09,2.723142450166956792e+02
1.601638019615099907e+09,2.720506613767782937e+02
1.601638019735199928e+09,2.717742172275090979e+02
1.601638019960700035e+09,2.714856990553035416e+02
1.601638019961299896e+09,2.711858933465773589e+02
1.601638020065099955e+09,2.708911881479021986e+02
1.601638020155100107e+09,2.705882685355526291e+02
1.601638020275099993e+09,2.702779501250709586e+02
1.601638020468100071e+09,2.699610485319990403e+02
1.601638020484999895e+09,2.696086472724555847e+02
1.601638020605000019e+09,2.692512358031534063e+02
1.601638020725100040e+09,2.688895714813814948e+02
1.601638020815099955e+09,2.685088101042729249e+02
1.601638021038399935e+09,2.681238104392579658e+02
1.601638021038899899e+09,2.677353007144990897e+02
1.601638021144999981e+09,2.673284075980030252e+02
1.601638021265000105e+09,2.669038301888059550e+02
1.601638021355099916e+09,2.664622384568172606e+02
1.601638021576999903e+09,2.660184037820877165e+02
1.601638021577500105e+09,2.655432349059768740e+02
1.601638021684999943e+09,2.650670465104383311e+02
1.601638021805099964e+09,2.645904211780022024e+02
1.601638021894999981e+09,2.640998109519311470e+02
1.601638022015100002e+09,2.635957692856287053e+02
1.601638022177200079e+09,2.630929510426394131e+02
1.601638022225100040e+09,2.625777500079728952e+02
1.601638022345099926e+09,2.620662629369358001e+02
1.601638022434999943e+09,2.615589850246786341e+02
1.601638022555099964e+09,2.610422809270844482e+02
1.601638022748800039e+09,2.605322182703333738e+02
1.601638022765000105e+09,2.600292631204495706e+02
1.601638022884999990e+09,2.595197510041894589e+02
1.601638022974999905e+09,2.590197204186067097e+02
1.601638023095099926e+09,2.585296083005988521e+02
1.601638023290800095e+09,2.580357210477959029e+02
1.601638023305000067e+09,2.575540680281250729e+02
1.601638023424999952e+09,2.570709265100898051e+02
1.601638023515100002e+09,2.566022767324908500e+02
1.601638023634999990e+09,2.561484973739725888e+02
1.601638023858700037e+09,2.557099671131795731e+02
1.601638023859200001e+09,2.552729340894888708e+02
1.601638023964999914e+09,2.548533494125746586e+02
1.601638024055000067e+09,2.544374320926874020e+02
1.601638024175100088e+09,2.540411041103746754e+02
1.601638024398299932e+09,2.536646858860279963e+02
1.601638024398799896e+09,2.532943673007714267e+02
1.601638024505000114e+09,2.529460412060261092e+02
1.601638024595099926e+09,2.526356004532129873e+02
1.601638024714999914e+09,2.523195028240326394e+02
1.601638024968400002e+09,2.520277425800471747e+02
1.601638024968899965e+09,2.517605818833950195e+02
1.601638025045000076e+09,2.515041523569472020e+02
1.601638025164999962e+09,2.512898901540278871e+02
1.601638025255000114e+09,2.511039268975080745e+02
1.601638025508599997e+09,2.509465247495263043e+02
1.601638025509099960e+09,2.507882137727975760e+02
1.601638025585000038e+09,2.506745315307870214e+02
1.601638025705100060e+09,2.505915805172390947e+02
1.601638025795000076e+09,2.505395937651658187e+02
1.601638025914999962e+09,2.505046737683118181e+02
1.601638026108700037e+09,2.505167565299860826e+02
1.601638026125000000e+09,2.505463429837770946e+02
1.601638026244999886e+09,2.506092385937264169e+02
1.601638026335000038e+09,2.507056472637195839e+02
1.601638026454999924e+09,2.508216423583746462e+02
1.601638026648699999e+09,2.509730002126066495e+02
1.601638026664999962e+09,2.511598956011745827e+02
1.601638026785099983e+09,2.513825032988375483e+02
1.601638026875000000e+09,2.516409980803545068e+02
1.601638026994999886e+09,2.519058226210609917e+02
1.601638027218100071e+09,2.522068255368864982e+02
1.601638027218699932e+09,2.525285217841810947e+02
1.601638027325000048e+09,2.528695277294357595e+02
1.601638027414999962e+09,2.532143000707474982e+02
1.601638027535099983e+09,2.535613677872278799e+02
1.601638027756799936e+09,2.539233321390027811e+02
1.601638027757299900e+09,2.542845041785367073e+02
1.601638027864900112e+09,2.546588687994648126e+02
1.601638027954999924e+09,2.550447802061393929e+02
1.601638028075000048e+09,2.554405634737865398e+02
1.601638028327100039e+09,2.558445145485056003e+02
1.601638028327600002e+09,2.562251681478460341e+02
1.601638028404999971e+09,2.566104358008249164e+02
1.601638028494999886e+09,2.569828662477530088e+02
1.601638028615000010e+09,2.573405515308443796e+02
1.601638028866300106e+09,2.576971269942158642e+02
1.601638028866899967e+09,2.580505972927020366e+02
1.601638028944999933e+09,2.584145395121665842e+02
1.601638029065000057e+09,2.587586680997825965e+02
1.601638029154999971e+09,2.590965018831608973e+02
1.601638029275000095e+09,2.594259290006298215e+02
1.601638029467299938e+09,2.597462794822798742e+02
1.601638029484999895e+09,2.600568542290749861e+02
1.601638029605000019e+09,2.603710555521198557e+02
1.601638029694999933e+09,2.606881552232519539e+02
1.601638029815099955e+09,2.609932944750411821e+02
1.601638030037600040e+09,2.613013175103544086e+02
1.601638030038100004e+09,2.616114669719024732e+02
1.601638030144999981e+09,2.619229855023962159e+02
1.601638030235100031e+09,2.622209852052790779e+02
1.601638030355099916e+09,2.625202811542913537e+02
1.601638030578000069e+09,2.628356884231735648e+02
1.601638030578500032e+09,2.631381885761015269e+02
1.601638030684999943e+09,2.634425966868154205e+02
1.601638030775000095e+09,2.637481262688998527e+02
1.601638030894999981e+09,2.640539908359389756e+02
1.601638030984999895e+09,2.643452733622498272e+02
1.601638031146100044e+09,2.646367597924461847e+02
1.601638031224999905e+09,2.649276345109859676e+02
1.601638031315000057e+09,2.652029513630594693e+02
1.601638031434999943e+09,2.654930687243101488e+02
1.601638031686700106e+09,2.657830404399282429e+02
1.601638031687200069e+09,2.660720508943717277e+02
1.601638031765000105e+09,2.663592844720983521e+02
1.601638031855000019e+09,2.666439255575660923e+02
1.601638031974999905e+09,2.669251585352327538e+02
1.601638032095099926e+09,2.671880372502886871e+02
1.601638032257200003e+09,2.674629200783772944e+02
1.601638032305000067e+09,2.677348608646888692e+02
1.601638032394999981e+09,2.680030439936813309e+02
1.601638032515000105e+09,2.682822554099685703e+02
1.601638032635099888e+09,2.685575780878673982e+02
1.601638032857599974e+09,2.688282255409621371e+02
1.601638032858099937e+09,2.691090128429932520e+02
1.601638032934999943e+09,2.693850520974041274e+02
1.601638033055000067e+09,2.696555859469055463e+02
1.601638033174999952e+09,2.699354585943644338e+02
1.601638033396399975e+09,2.702098112723506347e+02
1.601638033396899939e+09,2.704779157527016196e+02
1.601638033505000114e+09,2.707546453674106033e+02
1.601638033594899893e+09,2.710251704781740614e+02
1.601638033714999914e+09,2.712887919859558110e+02
1.601638033944200039e+09,2.715604123518758684e+02
1.601638033944700003e+09,2.718252310667570555e+02
1.601638034045000076e+09,2.720825781606897067e+02
1.601638034134999990e+09,2.723473852239202984e+02
1.601638034255000114e+09,2.726048808763981128e+02
1.601638034345000029e+09,2.728700258374961436e+02
1.601638034504100084e+09,2.731280778562901901e+02
1.601638034584899902e+09,2.733784252211237344e+02
1.601638034674900055e+09,2.736204562203401451e+02
1.601638034794899940e+09,2.738691607024387622e+02
1.601638034884999990e+09,2.741098255456220727e+02
1.601638035045099974e+09,2.743574697275159906e+02
1.601638035124900103e+09,2.745974092554493495e+02
1.601638035214900017e+09,2.748290906760185521e+02
1.601638035335000038e+09,2.750675620959760863e+02
1.601638035425100088e+09,2.752981686517772459e+02
1.601638035616600037e+09,2.755062554798774954e+02
1.601638035664999962e+09,2.757366027864527496e+02
1.601638035754899979e+09,2.759448527376613924e+02
1.601638035904900074e+09,2.761460825693824290e+02
1.601638035994999886e+09,2.763553695174946938e+02
1.601638036216300011e+09,2.765580878475800546e+02
1.601638036216799974e+09,2.767537423644881187e+02
1.601638036295000076e+09,2.769418378730680956e+02
1.601638036414999962e+09,2.771374807383254506e+02
1.601638036535000086e+09,2.773260743549685685e+02
1.601638036755899906e+09,2.775071526569735170e+02
1.601638036756500006e+09,2.776802495783160794e+02
1.601638036835000038e+09,2.778605006131282948e+02
1.601638036955100060e+09,2.780177367250889802e+02
1.601638037075000048e+09,2.781812239475976298e+02
1.601638037165100098e+09,2.783363948044890890e+02
1.601638037325500011e+09,2.784828123588658855e+02
1.601638037375000000e+09,2.786356412339863482e+02
1.601638037494899988e+09,2.787662125435444977e+02
1.601638037615000010e+09,2.788896909107987199e+02
1.601638037704999924e+09,2.790056393988513719e+02
1.601638037865099907e+09,2.791136210708049248e+02
1.601638037944900036e+09,2.792288005499178780e+02
1.601638038035000086e+09,2.793366394891515938e+02
1.601638038154900074e+09,2.794367300807350034e+02
1.601638038244899988e+09,2.795286645168970381e+02
1.601638038436000109e+09,2.796135060107551453e+02
1.601638038514899969e+09,2.796923177754267726e+02
1.601638038605000019e+09,2.797646920031407944e+02
1.601638038694999933e+09,2.798458224462821704e+02
1.601638038784899950e+09,2.799211998869388367e+02
1.601638038978399992e+09,2.799904456464662417e+02
1.601638039024899960e+09,2.800531810462197768e+02
1.601638039114900112e+09,2.800948968682874352e+02
1.601638039234999895e+09,2.801463884252101479e+02
1.601638039325000048e+09,2.801931464990757377e+02
1.601638039578900099e+09,2.802347924112397664e+02
1.601638039579499960e+09,2.802865490432136539e+02
1.601638039654900074e+09,2.803198057669442278e+02
1.601638039774899960e+09,2.803497854639430784e+02
1.601638039894900084e+09,2.803761094555655404e+02
1.601638039984899998e+09,2.804140006233230906e+02
1.601638040147000074e+09,2.804489788784301254e+02
1.601638040194999933e+09,2.804806946713686102e+02
1.601638040314800024e+09,2.805244000127765958e+02
1.601638040434900045e+09,2.805656439429948250e+02
1.601638040525000095e+09,2.806041060416318942e+02
1.601638040689100027e+09,2.806394658882961153e+02
1.601638040734899998e+09,2.806870046227521698e+02
1.601638040854899883e+09,2.807323004144672041e+02
1.601638040974999905e+09,2.807750619721763883e+02
1.601638041065000057e+09,2.808149980046146084e+02
1.601638041243000031e+09,2.808674187806727218e+02
1.601638041275000095e+09,2.809179315989448469e+02
1.601638041395100117e+09,2.809662742972923297e+02
1.601638041514899969e+09,2.810277862737326586e+02
1.601638041604899883e+09,2.810881039559863552e+02
1.601638041806200027e+09,2.811469943110412828e+02
1.601638041814899921e+09,2.812042243058854183e+02
1.601638041935600042e+09,2.812751624676627102e+02
1.601638042054899931e+09,2.813454743532201974e+02
1.601638042145600080e+09,2.814149560586723169e+02
1.601638042372400045e+09,2.814990052402894776e+02
1.601638042384900093e+09,2.815833165840451784e+02
1.601638042474900007e+09,2.816677153151804305e+02
1.601638042595000029e+09,2.817661571982037003e+02
1.601638042684900045e+09,2.818628950273263740e+02
1.601638042936199903e+09,2.819577831569160367e+02
1.601638042936700106e+09,2.820506759413401028e+02
1.601638043014899969e+09,2.821711598343895844e+02
1.601638043134900093e+09,2.822894153492614464e+02
1.601638043225100040e+09,2.824053550985761945e+02
1.601638043345099926e+09,2.825330222342217326e+02
1.601638043505399942e+09,2.826567569377891118e+02
1.601638043554899931e+09,2.827765009510254117e+02
1.601638043674999952e+09,2.828921960156774844e+02
1.601638043765199900e+09,2.830179144127599216e+02
1.601638043884900093e+09,2.831380254529901208e+02
1.601638044045099974e+09,2.832525000072416788e+02
1.601638044094899893e+09,2.833754394856555336e+02
1.601638044216000080e+09,2.834912423280756570e+02
1.601638044334899902e+09,2.835999085345020490e+02
1.601638044424900055e+09,2.837014381049348231e+02
1.601638044616499901e+09,2.837958310393739794e+02
1.601638044634900093e+09,2.838972178770868027e+02
1.601638044754899979e+09,2.839758956477764968e+02
1.601638044874900103e+09,2.840474659115989766e+02
1.601638044964999914e+09,2.841260592078218110e+02
1.601638045156399965e+09,2.841819725661479197e+02
1.601638045174900055e+09,2.842308075467333879e+02
1.601638045294800043e+09,2.842725641495781019e+02
1.601638045414900064e+09,2.843072423746821755e+02
1.601638045504899979e+09,2.843348422220455518e+02
1.601638045726599932e+09,2.843553636916682308e+02
1.601638045727099895e+09,2.843688067835501556e+02
1.601638045834800005e+09,2.843751714976914968e+02
1.601638045954900026e+09,2.843744578340921407e+02
1.601638046044899940e+09,2.843666657927520873e+02
1.601638046296200037e+09,2.843517953736713366e+02
1.601638046296700001e+09,2.843157160375823764e+02
1.601638046374799967e+09,2.842740002155147749e+02
1.601638046494899988e+09,2.842422203384978729e+02
1.601638046584899902e+09,2.841906443071083572e+02
1.601638046704900026e+09,2.841489750916431944e+02
1.601638046865099907e+09,2.841030821528347019e+02
1.601638046914799929e+09,2.840529654906830501e+02
1.601638047034800053e+09,2.839844945659206701e+02
1.601638047124900103e+09,2.839132418095771300e+02
1.601638047246000051e+09,2.838391780925258558e+02
1.601638047412199974e+09,2.837622742856403306e+02
1.601638047454799891e+09,2.836825012597940940e+02
1.601638047574899912e+09,2.835856993465930600e+02
1.601638047664900064e+09,2.834874118479402796e+02
1.601638047784899950e+09,2.833875805055827186e+02
1.601638048357599974e+09,2.832861470612674566e+02
1.601638048358200073e+09,2.831830532567414025e+02
1.601638048368000031e+09,2.830782408337515221e+02
1.601638048372299910e+09,2.829716515340448382e+02
1.601638048378999949e+09,2.828632270993683733e+02
1.601638048833800077e+09,2.827543802923576095e+02
1.601638048834300041e+09,2.826465238756480289e+02
1.601638048851799965e+09,2.825395995909865974e+02
1.601638048855200052e+09,2.824335491801202807e+02
1.601638048864799976e+09,2.823141838455285892e+02
1.601638049488600016e+09,2.821970177599879435e+02
1.601638049489099979e+09,2.820819635361189626e+02
1.601638049506999969e+09,2.819830643258096075e+02
1.601638049510299921e+09,2.819002618708068439e+02
1.601638049517400026e+09,2.818193965027166996e+02
1.601638049527800083e+09,2.817545696316801127e+02
1.601638050055700064e+09,2.817043102368085670e+02
1.601638050056200027e+09,2.816813069656076891e+02
1.601638050074500084e+09,2.816827051636799411e+02
1.601638050077699900e+09,2.817057084348808189e+02
1.601638050084899902e+09,2.817631802014749383e+02
1.601638050624200106e+09,2.818383391736828116e+02
1.601638050625000000e+09,2.819285928592454979e+02
1.601638050627399921e+09,2.820455375634246593e+02
1.601638050635799885e+09,2.821711248794377980e+02
1.601638050641000032e+09,2.823185677790675072e+02
1.601638050908099890e+09,2.824714345220525047e+02
1.601638050908600092e+09,2.826416127049192824e+02
1.601638050934900045e+09,2.828113452121505702e+02
1.601638051024899960e+09,2.829785347466379903e+02
1.601638051144900084e+09,2.831411422695261990e+02
1.601638051336199999e+09,2.832971870002128298e+02
1.601638051354799986e+09,2.834447464163485506e+02
1.601638051474900007e+09,2.835819562538371770e+02
1.601638051564899921e+09,2.837070105068353314e+02
1.601638051684900045e+09,2.838181614277526137e+02
1.601638051908499956e+09,2.839137195272518852e+02
1.601638051909100056e+09,2.839920535742487573e+02
1.601638052014800072e+09,2.840515905959120460e+02
1.601638052104899883e+09,2.840908158776635446e+02
1.601638052224999905e+09,2.841082729631779671e+02
1.601638052448199987e+09,2.840884331151154356e+02
1.601638052448699951e+09,2.840313982854189021e+02
1.601638052554800034e+09,2.839372995551575514e+02
1.601638052644900084e+09,2.838062971345271990e+02
1.601638052764899969e+09,2.836385803628500071e+02
1.601638052884900093e+09,2.834343677085748254e+02
1.601638053046999931e+09,2.831797762300095656e+02
1.601638053094799995e+09,2.828765245456179400e+02
1.601638053214799881e+09,2.825404618131311167e+02
1.601638053304899931e+09,2.821718647592509797e+02
1.601638053424999952e+09,2.817569087005384176e+02
1.601638053614700079e+09,2.812958994928216043e+02
1.601638053634900093e+09,2.807891429919288271e+02
1.601638053754800081e+09,2.802525466138445154e+02
1.601638053844799995e+09,2.796723148042558478e+02
1.601638053964900017e+09,2.790346520088501734e+02
1.601638054188600063e+09,2.783554656436118080e+02
1.601638054189100027e+09,2.776365325852576120e+02
1.601638054294899940e+09,2.768640281503481901e+02
1.601638054384799957e+09,2.760538306257415115e+02
1.601638054504899979e+09,2.752076877590277491e+02
1.601638054698499918e+09,2.743273472977973597e+02
1.601638054714900017e+09,2.733989554294843742e+02
1.601638054834800005e+09,2.724383613118202447e+02
1.601638054924799919e+09,2.714472835632689112e+02
1.601638055044899940e+09,2.703977087028703181e+02
1.601638055269200087e+09,2.693210291902590825e+02
1.601638055269700050e+09,2.682047748463782000e+02
1.601638055375000000e+09,2.674109055131671084e+02
1.601638055464999914e+09,2.665967756729986036e+02
1.601638055585099936e+09,2.657623853259113957e+02
1.601638055809099913e+09,2.649077344719053713e+02
1.601638055809600115e+09,2.640328231109805870e+02
1.601638055914900064e+09,2.631376512431370429e+02
1.601638056004899979e+09,2.622222188683747390e+02
1.601638056124799967e+09,2.612865259866936185e+02
1.601638056244899988e+09,2.603305725980937950e+02
1.601638056405600071e+09,2.593543587025751549e+02
1.601638056454900026e+09,2.583578843001378118e+02
1.601638056544800043e+09,2.573411493907816521e+02
1.601638056664900064e+09,2.563041539745067325e+02
1.601638056784899950e+09,2.552468980513130248e+02
1.601638056978699923e+09,2.541693816212005856e+02
1.601638056994899988e+09,2.530716046841693583e+02
1.601638057114900112e+09,2.519535672402193711e+02
1.601638057204799891e+09,2.508152692893506241e+02
1.601638057324899912e+09,2.496567108315630890e+02
1.601638057518399954e+09,2.484778918668567940e+02
1.601638057534800053e+09,2.472788123952317392e+02
1.601638057654799938e+09,2.460594724166879246e+02
1.601638057744800091e+09,2.448198719312253502e+02
1.601638057864799976e+09,2.435600109388439591e+02
1.601638058088500023e+09,2.422798894395438651e+02
1.601638058088999987e+09,2.409795074333249545e+02
1.601638058194900036e+09,2.396588649201873125e+02
1.601638058284800053e+09,2.383179619001308538e+02
1.601638058404799938e+09,2.369567983731556922e+02
1.601638058628400087e+09,2.355753743392617139e+02
1.601638058628900051e+09,2.341736897984490042e+02
1.601638058734800100e+09,2.327517447507175063e+02
1.601638058824800014e+09,2.313095391960672487e+02
1.601638058944799900e+09,2.298470731344982028e+02
1.601638059168200016e+09,2.283643465660103971e+02
1.601638059168699980e+09,2.268613594906038315e+02
1.601638059274800062e+09,2.253381119082785062e+02
1.601638059364799976e+09,2.237946038190344211e+02
1.601638059484899998e+09,2.222308352228715478e+02
1.601638059604899883e+09,2.206468061197899146e+02
1.601638059766999960e+09,2.190425165097894933e+02
1.601638059814800024e+09,2.174179663928703405e+02
1.601638059904799938e+09,2.157731557690323996e+02
1.601638060024800062e+09,2.141080846382756988e+02
1.601638060144999981e+09,2.124227530006002098e+02
1.601638060334800005e+09,2.107171608560059894e+02
1.601638060354799986e+09,2.089913082044930093e+02
1.601638060444799900e+09,2.072451950460612125e+02
1.601638060564800024e+09,2.054788213807106558e+02
1.601638060684900045e+09,2.036921872084413963e+02
