Time,HR,RR
1606911503.3516,79,829
1606911504.4032,78,754
1606911505.3599,79,728
1606911506.3495,79,782
1606911507.3394,79,768
1606911508.3594,79,787
1606911509.4347,79,715
1606911510.3395,80,714
1606911511.4195,81,739
1606911512.3794,81,715
1606911513.3395,82,745
1606911514.3298,82,757
1606911515.3496,82,815
1606911516.3394,81,851
1606911517.3294,80,806
1606911518.4693,80,767
1606911519.3395,80,754
1606911520.3295,80,760
1606911521.3494,80,805
1606911522.3608,80,747
1606911523.4461,80,709
1606911524.3494,81,736
1606911525.3393,82,903
1606911526.3293,81,974
1606911527.3791,79,888
1606911528.3395,77,869
1606911529.3294,77,829
1606911530.3493,76,835
1606911531.3392,76,850
1606911532.4401,76,833
1606911533.3495,75,836
1606911534.3393,75,905
1606911535.3293,74,895
1606911536.3504,73,872
1606911537.4501,73,902
1606911538.3295,73,877
1606911539.3494,72,864
1606911540.3393,72,878
1606911541.4392,72,869
1606911542.3493,72,856
1606911543.3395,72,861
1606911544.3293,72,883
1606911545.3792,71,894
1606911546.4474,71,901
1606911547.3294,71,905
1606911548.3492,71,926
1606911549.3392,70,875
1606911550.3814,70,876
1606911551.3498,70,878
1606911552.3392,70,833
1606911553.3292,70,691
1606911554.3491,72,685
1606911555.4545,74,764
1606911556.3293,74,893
1606911557.3794,73,877
1606911558.3391,73,927
1606911559.3494,72,922
1606911560.4603,72,906
1606911561.3393,71,925
1606911562.3292,71,931
1606911563.3491,70,880
1606911564.3901,70,881
1606911565.3287,70,868
1606911566.3478,70,872
1606911567.3373,70,908
1606911568.3484,70,896
1606911569.4563,70,881
1606911570.3361,70,919
1606911571.3257,69,894
1606911572.3451,69,902
1606911573.3886,69,934
1606911574.3246,69,912
1606911575.3442,69,868
1606911576.3337,69,883
1606911577.3233,69,867
1606911578.4551,69,871
1606911579.3331,69,886
1606911580.3228,69,884
1606911581.3425,69,866
1606911582.3918,69,907
1606911583.3225,69,859
1606911584.3421,69,849
1606911585.3316,70,825
1606911586.3216,71,803
1606911587.3931,71,777
1606911588.3315,73,794
1606911589.3211,74,677
1606911590.3410,75,702
1606911591.3309,77,752
1606911592.4706,78,833
1606911593.3709,77,807
1606911594.3306,78,666
1606911595.3204,79,679
1606911596.4192,81,699
1606911597.3308,82,760
1606911598.3504,82,795
1606911599.3401,81,848
1606911600.3299,81,977
1606911601.4316,79,858
1606911602.3402,77,867
1606911603.3299,77,876
1606911604.3197,76,844
1606911605.3879,76,851
1606911606.3300,75,857
1606911607.3198,75,857
1606911608.3398,74,876
1606911609.3296,74,879
1606911610.4011,74,843
1606911611.3699,73,881
1606911612.3295,73,875
1606911613.3195,73,842
1606911614.3394,73,874
1606911615.3297,73,866
1606911616.3195,72,840
1606911617.3394,73,828
1606911618.3293,73,831
1606911619.3984,73,833
1606911620.3397,73,876
1606911621.3294,73,871
1606911622.3192,72,867
1606911623.3393,72,869
1606911624.4411,72,829
1606911625.3195,72,817
1606911626.3394,72,834
1606911627.3292,73,849
1606911628.3401,73,871
1606911629.3397,73,899
1606911630.3293,72,856
1606911631.3193,72,880
1606911632.3390,72,886
1606911633.4495,72,859
1606911634.3194,71,885
1606911635.3392,71,887
1606911636.3291,71,864
1606911637.3701,71,883
1606911638.4488,71,896
1606911639.3291,71,888
1606911640.3191,70,899
1606911641.3389,70,905
1606911642.4104,70,864
1606911643.3191,70,874
1606911644.3691,70,869
1606911645.3290,70,839
1606911646.3708,71,821
1606911647.4508,71,827
1606911648.3291,71,888
1606911649.3190,71,914
1606911650.3390,71,913
1606911651.3473,71,914
1606911652.3193,70,935
1606911653.3391,70,896
1606911654.3290,69,910
1606911655.3378,69,901
1606911656.4501,69,885
1606911657.3290,69,825
1606911658.3190,70,827
1606911659.3390,70,740
1606911660.3497,71,852
1606911661.4597,72,901
1606911662.3390,71,849
1606911663.3289,71,870
1606911664.3188,71,874
1606911665.3908,71,899
1606911666.3290,71,878
1606911667.3191,71,844
1606911668.3388,71,821
1606911669.3815,72,849
1606911670.4560,72,825
1606911671.3391,72,799
1606911672.3289,73,833
1606911673.3188,73,830
1606911674.3914,73,890
1606911675.3291,73,881
1606911676.3190,72,867
1606911677.3688,72,908
1606911678.3287,72,859
1606911679.4597,71,842
1606911680.3389,71,833
1606911681.3287,72,825
1606911682.3186,72,805
1606911683.3637,72,841
1606911684.3288,72,841
1606911685.3188,73,832
1606911686.3388,73,889
1606911687.3286,72,900
1606911688.3990,72,879
1606911689.3390,72,882
1606911690.3286,72,858
1606911691.3186,72,832
1606911692.3583,72,850
1606911693.4706,72,794
1606911694.3187,72,754
1606911695.3386,73,798
1606911696.3285,74,924
1606911697.4563,73,909
1606911698.3391,72,898
1606911699.3287,72,867
1606911700.3185,72,870
1606911701.3385,72,878
1606911702.4048,71,878
1606911703.3488,71,854
1606911704.3386,71,876
1606911705.3585,71,868
1606911706.3714,71,873
1606911707.3387,71,837
1606911708.3288,71,872
1606911709.3186,71,877
1606911710.3685,71,859
1606911711.4102,71,903
1606911712.3187,71,883
1606911713.3386,71,850
1606911714.3285,71,873
1606911715.3397,71,877
1606911716.3390,71,860
1606911717.3299,71,898
1606911718.3186,71,852
1606911719.3385,71,840
1606911720.4106,71,841
1606911721.3189,71,789
1606911722.3389,71,758
1606911723.3287,73,770
1606911724.3187,73,854
1606911725.4206,73,891
1606911726.3288,73,925
1606911727.3187,72,846
1606911728.3385,72,842
1606911729.3591,72,833
1606911730.3188,72,804
1606911731.3388,73,829
1606911732.3286,73,819
1606911733.3185,73,819
1606911734.4259,74,829
1606911735.3290,74,822
1606911736.3186,74,819
1606911737.3385,74,858
1606911738.3480,74,839
1606911739.4584,74,817
1606911740.3388,74,814
1606911741.3286,74,817
1606911742.3185,74,802
1606911743.4184,74,797
1606911744.3290,75,827
1606911745.3185,75,837
1606911746.3385,74,823
1606911747.3759,74,854
1606911748.4576,74,853
1606911749.3387,74,827
1606911750.3286,74,780
1606911751.3185,74,783
1606911752.3575,75,786
1606911753.3288,75,789
1606911754.3186,76,816
1606911755.3384,76,848
1606911756.3286,76,816
1606911757.4566,75,863
1606911758.3387,75,867
1606911759.3586,74,823
1606911760.3185,74,851
1606911761.3664,74,845
1606911762.4692,74,839
1606911763.3186,74,865
1606911764.3385,74,896
1606911765.3284,73,829
1606911766.3994,73,826
1606911767.3386,73,875
1606911768.3286,73,830
1606911769.3184,73,848
1606911770.3685,73,803
1606911771.4776,74,758
1606911772.3271,75,701
1606911773.5012,77,821
1606911774.6540,77,765
1606911775.3696,77,749
1606911776.3690,78,764
1606911777.3283,78,816
1606911778.3184,78,779
1606911779.3383,78,807
1606911780.4399,77,836
1606911781.3187,77,783
1606911782.3385,77,813
1606911783.3283,77,835
1606911784.3703,77,745
1606911785.3384,77,773
1606911786.3286,78,771
1606911787.3184,78,739
1606911788.3383,78,774
1606911789.4110,79,771
1606911790.3184,79,752
1606911791.3383,79,764
1606911792.3283,79,768
1606911793.3182,79,795
1606911794.3387,79,731
1606911795.3284,80,731
1606911796.3183,80,799
1606911797.3382,80,837
1606911798.3803,80,807
1606911799.3187,79,833
1606911800.3384,78,853
1606911801.3282,78,779
1606911802.3685,77,788
1606911803.4200,77,774
1606911804.3284,78,746
1606911805.3182,78,726
1606911806.3682,79,826