Time,GSR,Temp(C)
1602587561.9853,425,34.31
1602587562.6752,425,34.31
1602587563.3652,425,34.25
1602587564.0316,425,34.31
1602587564.7153,425,34.31
1602587565.4052,425,34.31
1602587566.1914,425,34.31
1602587566.7597,425,34.31
1602587567.4453,425,34.31
1602587568.1352,425,34.31
1602587568.8251,425,34.31
1602587569.5719,425,34.31
1602587570.1762,425,34.31
1602587570.8652,425,34.31
1602587571.5551,425,34.31
1602587572.2451,425,34.31
1602587572.9420,425,34.31
1602587573.5951,425,34.31
1602587574.2850,425,34.31
1602587574.9753,425,34.31
1602587575.7549,425,34.31
1602587576.3250,425,34.31
1602587577.0150,425,34.25
1602587577.7051,425,34.31
1602587578.3950,425,34.31
1602587579.1217,425,34.31
1602587579.7450,425,34.31
1602587580.4350,425,34.31
1602587581.1250,425,34.31
1602587581.7850,425,34.31
1602587582.5051,425,34.31
1602587583.1649,425,34.31
1602587583.8550,425,34.31
1602587584.5750,425,34.31
1602587585.3021,425,34.31
1602587585.8959,425,34.31
1602587586.5849,425,34.31
1602587587.2750,425,34.31
1602587587.9349,425,34.31
1602587588.6753,425,34.31
1602587589.3149,425,34.31
1602587590.0049,426,34.31
1602587590.6650,425,34.31
1602587591.4735,425,34.31
1602587592.0448,426,34.31
1602587592.7386,426,34.31
1602587593.4251,426,34.31
1602587594.0851,425,34.31
1602587594.8620,426,34.31
1602587595.4648,426,34.31
1602587596.1548,426,34.31
1602587596.8149,426,34.31
1602587597.5050,426,34.31
1602587598.1948,426,34.31
1602587598.8858,426,34.31
1602587599.5448,426,34.31
1602587600.2650,426,34.31
1602587601.0227,426,34.31
1602587601.9373,426,34.31
1602587602.4868,426,34.31
1602587603.1433,426,34.31
1602587604.1448,426,34.31
1602587604.4914,426,34.31
1602587605.0347,426,34.31
1602587605.6948,426,34.31
1602587606.3848,426,34.31
1602587607.1629,426,34.31
1602587607.7647,426,34.31
1602587608.4247,426,34.31
1602587609.1148,426,34.31
1602587609.8056,426,34.31
1602587610.5232,426,34.31
1602587611.1846,426,34.31
1602587611.8446,426,34.31
1602587612.5347,426,34.25
1602587613.3112,426,34.25
1602587613.9146,426,34.25
1602587614.5746,426,34.31
1602587615.2646,426,34.31
1602587615.9547,425,34.31
1602587616.7033,425,34.31
1602587617.3346,425,34.25
1602587617.9945,426,34.25
1602587618.6846,426,34.31
1602587619.4915,426,34.31
1602587620.0646,426,34.25
1602587620.7245,426,34.25
1602587621.4146,426,34.25
1602587622.1047,426,34.25
1602587622.8812,426,34.25
1602587623.4545,426,34.31
1602587624.1446,426,34.25
1602587624.8346,426,34.25
1602587625.5245,426,34.31
1602587626.2426,426,34.25
1602587626.8745,426,34.25
1602587627.5645,426,34.25
1602587628.2544,426,34.25
1602587629.0625,426,34.31
1602587629.6044,426,34.25
1602587630.2943,426,34.25
1602587630.9845,426,34.25
1602587631.6746,426,34.25
1602587632.4210,426,34.25
1602587633.0244,426,34.31
1602587633.7143,426,34.25
1602587634.4048,426,34.25
1602587635.0944,426,34.25
1602587635.7816,426,34.31
1602587636.4443,426,34.25
1602587637.1344,426,34.25
1602587637.8244,426,34.25
1602587638.6034,426,34.25
1602587639.1744,426,34.31
1602587639.8643,426,34.25
1602587640.5544,426,34.25
1602587641.2444,426,34.31
1602587641.9603,426,34.25
1602587642.5942,426,34.31
1602587643.2843,426,34.31
1602587643.9744,426,34.25
1602587644.7827,426,34.25
1602587645.3242,426,34.25
1602587646.0142,426,34.25
1602587646.7043,426,34.31
1602587647.3646,426,34.25
1602587648.1403,426,34.25
1602587648.7443,426,34.25
1602587649.4343,426,34.31
1602587650.1244,426,34.25
1602587650.9023,426,34.25
1602587651.5010,426,34.31
1602587652.1643,426,34.31
1602587652.8542,426,34.25
1602587653.5143,426,34.31
1602587654.2635,426,34.25
1602587654.8942,426,34.25
1602587655.6142,426,34.31
1602587656.2743,426,34.31
1602587656.9343,426,34.31
1602587657.6525,426,34.31
1602587658.3142,426,34.31
1602587659.0043,426,34.25
1602587659.6643,426,34.25
1602587660.4410,425,34.31
1602587661.0442,425,34.31
1602587661.7341,425,34.31
1602587662.3942,425,34.25
1602587663.0843,425,34.31
1602587663.8332,425,34.31
1602587664.4641,425,34.31
1602587665.1541,425,34.31
1602587665.8142,425,34.31
1602587666.6224,424,34.31
1602587667.1940,424,34.31
1602587667.8841,423,34.31
1602587668.5441,423,34.31
1602587669.2341,422,34.31
1602587670.0122,421,34.31
1602587670.6140,421,34.31
1602587671.2740,421,34.31
1602587671.9641,421,34.31
1602587672.6543,421,34.31
1602587673.3708,421,34.31
1602587674.0341,421,34.31
1602587674.6940,421,34.31
1602587675.3842,421,34.31
1602587676.1628,421,34.31
1602587676.7940,421,34.31
1602587677.4241,421,34.31
1602587678.1140,421,34.31
1602587678.8041,421,34.31
1602587679.5530,421,34.31
1602587680.1539,421,34.31
1602587680.8439,421,34.31
1602587681.5341,421,34.31
1602587682.3412,421,34.31
1602587682.9139,421,34.31
1602587683.5740,421,34.31
1602587684.2639,421,34.31
1602587684.9541,421,34.31
1602587685.7328,421,34.31
1602587686.3039,421,34.31
1602587686.9939,421,34.31
1602587687.6840,421,34.31
1602587688.3741,421,34.38
1602587689.0911,421,34.31
1602587689.7239,421,34.31
1602587690.4148,421,34.31
1602587691.1041,421,34.31
1602587691.9117,421,34.31
1602587692.4540,421,34.31
1602587693.1440,421,34.31
1602587693.8338,422,34.38
1602587694.5243,422,34.31
1602587695.2702,421,34.31
1602587695.9039,421,34.31
1602587696.5640,422,34.31
1602587697.2539,422,34.31
1602587698.0586,422,34.38
1602587698.6327,422,34.38
1602587699.3240,422,34.38
1602587699.9838,422,34.38
1602587700.6741,422,34.38
1602587701.3897,422,34.38
1602587702.0515,422,34.31
1602587702.7140,422,34.38
1602587703.4041,422,34.31
1602587704.0643,422,34.31
1602587704.7806,422,34.31
1602587705.4438,422,34.38
1602587706.1340,422,34.31
1602587706.8242,422,34.31
1602587707.6012,422,34.38
1602587708.1738,422,34.38
1602587708.8637,422,34.31
1602587709.5539,422,34.38
1602587710.2139,422,34.31
1602587710.9623,422,34.38
1602587711.5937,422,34.31
1602587712.2837,422,34.38
1602587712.9437,422,34.31
1602587713.7524,422,34.38
1602587714.3237,422,34.31
1602587715.0137,422,34.31
1602587715.7054,423,34.38
1602587716.3638,423,34.38
1602587717.1124,423,34.31
1602587717.7437,423,34.38
1602587718.4337,423,34.31
1602587719.0938,423,34.38
1602587719.7837,423,34.31
1602587720.5026,423,34.31
1602587721.1636,423,34.31
1602587721.8537,423,34.38
1602587722.5144,423,34.38
1602587723.2893,423,34.38
1602587723.8936,423,34.38
1602587724.5837,423,34.38
1602587725.2437,423,34.38
1602587725.9338,423,34.38
1602587726.6827,423,34.38
1602587727.3136,423,34.31
1602587727.9737,423,34.38
1602587728.6636,423,34.31
1602587729.4722,423,34.31
1602587730.0436,423,34.38
1602587730.7336,423,34.38
1602587731.3936,423,34.31
1602587732.0837,423,34.38
1602587732.8583,423,34.38
1602587733.4635,423,34.38
1602587734.1236,423,34.31
1602587734.8136,423,34.31
1602587735.5037,423,34.38
1602587736.2195,423,34.38
1602587736.8535,423,34.31
1602587737.5436,423,34.31
1602587738.2336,423,34.31
1602587739.0426,423,34.38
1602587739.6135,423,34.38
1602587740.2735,423,34.31
1602587740.9636,423,34.31
1602587741.6536,423,34.38
1602587742.3984,423,34.38
1602587743.0035,423,34.38
1602587743.6935,423,34.38
1602587744.3837,423,34.38
1602587745.1609,423,34.38
1602587745.7607,423,34.38
1602587746.4234,423,34.38
1602587747.1137,423,34.38
1602587747.8035,423,34.38
1602587748.5187,423,34.38
1602587749.1535,423,34.31
1602587749.8434,423,34.31
1602587750.5335,423,34.38
1602587751.3425,423,34.38
1602587751.8835,423,34.38
1602587752.5734,423,34.38
1602587753.2634,423,34.38
1602587753.9534,423,34.38
1602587754.7019,423,34.38
1602587755.3034,423,34.38
1602587755.9933,423,34.38
1602587756.6834,423,34.38
1602587757.3736,423,34.38
1602587758.0583,423,34.31
1602587758.7235,423,34.38
1602587759.4134,423,34.38
1602587760.1035,423,34.38
1602587760.8804,423,34.38
1602587761.4533,423,34.38
1602587762.1433,423,34.31
1602587762.8333,423,34.38
1602587763.4934,423,34.38
1602587764.2404,423,34.38
1602587764.9033,423,34.38
1602587765.5634,423,34.38
1602587766.2533,423,34.38
1602587766.9135,423,34.31
1602587767.6919,423,34.31
1602587768.2932,423,34.38
1602587768.9833,423,34.38
1602587769.6433,423,34.38
1602587770.4198,423,34.38
1602587771.0232,423,34.38
1602587771.7133,423,34.31
1602587772.4033,423,34.38
1602587773.0633,423,34.38
1602587773.8403,423,34.38
1602587774.4432,424,34.38
1602587775.1332,424,34.38
1602587775.7932,424,34.38
1602587776.6014,424,34.31
1602587777.1731,423,34.38
1602587777.8631,424,34.38
1602587778.5231,423,34.38
1602587779.2133,423,34.38
1602587779.9891,423,34.38
1602587780.5931,423,34.38
1602587781.2831,423,34.38
1602587781.9443,423,34.31
1602587782.6333,423,34.38
1602587783.3591,423,34.38
1602587784.0131,423,34.38
1602587784.6731,423,34.31
1602587785.3632,423,34.31
1602587786.1722,423,34.38
1602587786.7431,423,34.38
1602587787.4031,423,34.38
1602587788.0932,423,34.38
1602587788.7833,423,34.31
1602587789.5300,424,34.38
1602587790.1630,423,34.38
1602587790.8230,424,34.38
1602587791.5131,424,34.38
1602587792.3217,424,34.38
1602587792.8930,424,34.38
1602587793.5530,424,34.38
1602587794.2430,424,34.38
1602587794.9331,424,34.38
1602587795.6503,423,34.38
1602587796.2830,424,34.38
1602587796.9730,424,34.38
1602587797.6631,424,34.38
1602587798.3531,424,34.38
1602587799.0429,424,34.38
1602587799.7029,424,34.38
1602587800.3929,424,34.38
1602587801.0830,424,34.38
1602587801.8303,424,34.38
1602587802.4329,424,34.38
1602587803.1229,424,34.38
1602587803.8130,424,34.38
1602587804.5029,424,34.38
1602587805.1928,424,34.38
1602587805.8828,424,34.38
1602587806.5429,424,34.38
1602587807.2329,424,34.38
1602587808.0119,424,34.38
1602587808.5828,424,34.38
1602587809.2728,424,34.38
1602587809.9639,424,34.38
1602587810.6530,424,34.38
1602587811.3697,424,34.38
1602587812.0028,424,34.38
1602587812.6928,424,34.38
1602587813.3829,424,34.38
1602587814.1909,424,34.38
1602587814.7595,424,34.38
1602587815.4227,424,34.38
1602587816.1129,424,34.38
1602587816.8029,424,34.31
1602587817.5491,424,34.38
1602587818.1528,424,34.38
1602587818.8428,424,34.38
1602587819.5328,424,34.38
1602587820.1929,424,34.38
1602587820.9418,424,34.31
1602587821.5727,424,34.38
1602587822.2628,424,34.38
1602587822.9528,424,34.38
1602587823.7283,424,34.38
1602587824.3337,424,34.38
1602587824.9927,424,34.38
1602587825.6828,424,34.38
1602587826.3428,424,34.38
1602587827.1197,424,34.38
1602587827.7227,424,34.38
1602587828.4127,424,34.38
1602587829.0728,424,34.38
1602587829.7628,424,34.38
1602587830.4803,424,34.31
1602587831.1426,424,34.31
1602587831.8327,424,34.38
1602587832.4927,424,34.38
1602587833.2994,424,34.38
1602587833.8726,424,34.38
1602587834.5626,424,34.38
1602587835.2226,424,34.38
1602587835.9128,424,34.38
1602587836.6568,424,34.38
1602587837.2926,424,34.38
1602587837.9526,424,34.38
1602587838.6426,425,34.38
1602587839.4215,425,34.38
1602587840.0226,425,34.38
1602587840.7125,425,34.38
1602587841.3726,425,34.38
1602587842.0627,425,34.38
1602587842.7802,425,34.38
1602587843.4425,425,34.38
1602587844.1025,425,34.38
1602587844.7926,425,34.38
1602587845.6009,425,34.38
1602587846.1725,425,34.38
1602587846.8624,425,34.38
1602587847.5225,425,34.38
1602587848.2126,424,34.38
1602587848.9595,425,34.38
1602587849.5925,425,34.38
1602587850.2531,425,34.38
1602587850.9425,425,34.38
1602587851.6326,425,34.38
1602587852.3224,425,34.38
1602587852.9824,425,34.38