Time,GSR,Temp(C)
1602674601.8750,194,34.31
1602674602.5347,194,34.31
1602674603.2249,194,34.31
1602674603.9146,195,34.31
1602674604.5744,194,34.38
1602674605.2644,194,34.38
1602674605.9249,193,34.38
1602674606.6145,193,34.38
1602674607.3044,193,34.38
1602674607.9947,193,34.38
1602674608.6547,193,34.38
1602674609.3149,194,34.44
1602674610.0042,193,34.44
1602674610.6640,193,34.38
1602674611.3543,193,34.44
1602674612.0441,193,34.44
1602674612.7042,194,34.44
1602674613.3941,194,34.44
1602674614.0544,194,34.44
1602674614.7445,194,34.44
1602674615.4340,194,34.44
1602674616.1156,194,34.44
1602674616.7837,194,34.44
1602674617.4438,193,34.44
1602674618.1339,193,34.44
1602674618.7939,192,34.44
1602674619.5023,192,34.44
1602674620.1736,192,34.44
1602674620.8336,190,34.44
1602674621.5235,187,34.44
1602674622.1838,182,34.44
1602674622.8731,176,34.44
1602674623.5637,172,34.44
1602674624.2239,170,34.44
1602674624.9135,169,34.44
1602674625.5733,170,34.44
1602674626.2630,170,34.44
1602674626.9530,171,34.44
1602674627.6132,172,34.44
1602674628.3034,173,34.44
1602674628.9632,174,34.44
1602674629.6529,175,34.44
1602674630.3131,177,34.44
1602674631.0029,178,34.44
1602674631.6930,179,34.44
1602674632.3770,180,34.44
1602674633.0427,181,34.44
1602674633.7026,181,34.44
1602674634.3933,181,34.44
1602674635.0829,182,34.44
1602674635.7627,183,34.44
1602674636.4328,183,34.44
1602674637.0926,181,34.44
1602674637.7827,178,34.44
1602674638.4425,175,34.44
1602674639.1323,174,34.44
1602674639.8229,173,34.44
1602674640.4822,174,34.44
1602674641.1724,174,34.44
1602674641.8324,174,34.44
1602674642.5220,175,34.44
1602674643.2122,176,34.44
1602674643.8722,177,34.44
1602674644.5623,177,34.44
1602674645.2225,178,34.44
1602674645.9120,178,34.44
1602674646.6019,179,34.44
1602674647.2622,179,34.44
1602674647.9522,180,34.44
1602674648.6120,180,34.44
1602674649.3020,180,34.44
1602674649.9619,181,34.44
1602674650.6520,181,34.44
1602674651.3417,182,34.44
1602674652.0019,182,34.44
1602674652.6914,183,34.44
1602674653.3515,183,34.44
1602674654.0417,184,34.44
1602674654.7319,184,34.44
1602674655.3915,184,34.44
1602674656.0813,185,34.44
1602674656.7414,185,34.44
1602674657.4316,185,34.44
1602674658.1214,186,34.44
1602674658.8078,186,34.44
1602674659.4711,186,34.44
1602674660.1312,187,34.44
1602674660.8214,187,34.44
1602674661.4811,187,34.44
1602674662.1918,187,34.44
1602674662.8609,188,34.44
1602674663.5209,188,34.44
1602674664.2110,188,34.44
1602674664.8711,188,34.38
1602674665.5607,189,34.44
1602674666.2506,189,34.44
1602674666.9112,189,34.44
1602674667.6008,189,34.44
1602674668.2610,190,34.44
1602674668.9506,190,34.44
1602674669.6104,190,34.44
1602674670.3007,190,34.44
1602674670.9908,191,34.44
1602674671.6505,191,34.44
1602674672.3404,191,34.44
1602674673.0007,192,34.44
1602674673.6904,192,34.44
1602674674.3804,192,34.44
1602674675.0406,192,34.44
1602674675.7303,193,34.44
1602674676.3902,193,34.44
1602674677.0807,193,34.44
1602674677.7704,193,34.44
1602674678.4308,194,34.44
1602674679.1199,194,34.44
1602674679.7799,194,34.44
1602674680.4701,194,34.44
1602674681.1305,195,34.44
1602674681.8199,195,34.44
1602674682.5098,195,34.44
1602674683.1699,196,34.44
1602674683.8598,196,34.44
1602674684.5197,196,34.44
1602674685.2362,196,34.44
1602674685.8994,197,34.44
1602674686.5595,197,34.44
1602674687.2499,197,34.44
1602674687.9097,198,34.44
1602674688.5991,198,34.44
1602674689.2598,198,34.44
1602674689.9494,198,34.44
1602674690.6394,198,34.44
1602674691.2998,199,34.44
1602674691.9892,199,34.44
1602674692.6490,199,34.44
1602674693.3397,199,34.44
1602674694.0291,200,34.50
1602674694.6892,200,34.44
1602674695.3789,200,34.44
1602674696.0391,201,34.44
1602674696.7290,201,34.44
1602674697.4196,201,34.44
1602674698.0794,201,34.50
1602674698.7690,202,34.44
1602674699.4288,203,34.44
1602674700.1190,203,34.44
1602674700.7789,203,34.44
1602674701.4687,204,34.50
1602674702.1585,204,34.44
1602674702.8186,204,34.50
1602674703.5086,204,34.44
1602674704.1686,205,34.44
1602674704.8585,205,34.44
1602674705.5483,205,34.44
1602674706.2085,206,34.50
1602674706.8984,206,34.50
1602674707.5586,206,34.50
1602674708.2743,207,34.50
1602674708.9081,207,34.50
1602674709.5984,207,34.50
1602674710.2883,208,34.50
1602674710.9481,208,34.50
1602674711.6633,209,34.50
1602674712.2980,209,34.50
1602674712.9880,209,34.50
1602674713.6783,210,34.50
1602674714.3382,210,34.50
1602674715.0275,210,34.50
1602674715.6880,211,34.50
1602674716.3779,211,34.50
1602674717.0380,211,34.50
1602674717.7276,212,34.50
1602674718.4173,212,34.50
1602674719.0777,212,34.50
1602674719.7678,213,34.50
1602674720.4278,213,34.50
1602674721.1178,214,34.50
1602674721.8075,214,34.50
1602674722.4672,214,34.50
1602674723.1575,214,34.50
1602674723.8177,213,34.50
1602674724.5076,213,34.50
1602674725.1971,212,34.50
1602674725.8571,212,34.44
1602674726.5473,212,34.50
1602674727.2074,212,34.50
1602674727.8974,213,34.50
1602674728.5570,213,34.50
1602674729.2471,213,34.50
1602674729.9372,214,34.50
1602674730.5967,214,34.50
1602674731.2871,214,34.50
1602674731.9470,214,34.50
1602674732.6367,211,34.50
1602674733.3268,206,34.50
1602674733.9871,201,34.50
1602674734.7006,197,34.50
1602674735.3365,194,34.50
1602674736.0270,192,34.50
1602674736.6865,190,34.50
1602674737.3767,188,34.50
1602674738.0910,188,34.50
1602674738.7264,189,34.50
1602674739.4165,190,34.50
1602674740.0767,191,34.50
1602674740.7662,193,34.50