Time,HR,RR
1602931528.1759,77,766
1602931529.1646,77,764
1602931530.1505,78,783
1602931531.1704,78,815
1602931532.1603,77,828
1602931533.1506,77,834
1602931534.1706,77,836
1602931535.1603,76,857
1602931536.1504,76,862
1602931537.2295,75,848
1602931538.1605,75,861
1602931539.1503,74,858
1602931540.1702,74,830
1602931541.1902,74,795
1602931542.3031,74,785
1602931543.1704,75,795
1602931544.1603,75,792
1602931545.1502,75,780
1602931546.1997,76,780
1602931547.1603,76,757
1602931548.1502,76,767
1602931549.1702,77,780
1602931550.2199,77,817
1602931551.2699,77,829
1602931552.1703,77,848
1602931553.1602,77,859
1602931554.1501,76,867
1602931555.1964,75,847
1602931556.2851,75,813
1602931557.1804,75,784
1602931558.1701,75,743
1602931559.1601,77,730
1602931560.2639,78,696
1602931561.1704,79,695
1602931562.1601,80,717
1602931563.1500,81,798
1602931564.2001,80,804
1602931565.2708,80,816
1602931566.1502,80,834
1602931567.1701,78,858
1602931568.1600,78,869
1602931569.2016,77,847
1602931570.1703,76,848
1602931571.1604,76,861
1602931572.1801,75,865
1602931573.1700,75,877
1602931574.2715,74,885
1602931575.1502,74,890
1602931576.1702,73,899
1602931577.1600,73,904
1602931578.2016,72,893
1602931579.1707,72,848
1602931580.1602,72,854
1602931581.1501,72,838
1602931582.1701,72,817
1602931583.2099,73,770
1602931584.1503,73,756
1602931585.1703,75,760
1602931586.1601,75,756
1602931587.2015,77,738
1602931588.3083,77,725
1602931589.1905,78,730
1602931590.1801,79,731
1602931591.1700,80,747
1602931592.2114,80,750
1602931593.1504,80,756
1602931594.1702,80,777
1602931595.1601,80,794
1602931596.2317,80,800
1602931597.2799,80,804
1602931598.1602,79,788
1602931602.0097,79,789
1602931602.0158,79,795
1602931602.0212,79,809
1602931602.8603,78,810
1602931603.2161,78,812
1602931604.1620,78,827
1602931605.2779,77,820
1602931606.3167,77,803
1602931607.1621,77,791
1602931608.1520,77,759
1602931609.1717,78,746
1602931610.1996,78,727
1602931611.1549,79,711
1602931612.1717,80,699
1602931613.1617,82,676
1602931614.1723,83,668
1602931615.2824,84,690
1602931616.1619,85,691
1602931617.1518,86,701
1602931618.1717,86,715
1602931619.1729,86,738
1602931620.2893,86,737
1602931621.1717,85,752
1602931622.1915,85,797
1602931623.1815,84,804
1602931624.2418,82,786
1602931625.1615,82,766
1602931626.1529,82,781
1602931627.1715,82,793
1602931628.1725,81,788
1602931629.2864,81,801
1602931630.1716,80,794
1602931631.1635,80,777
1602931632.1515,80,808
1602931633.2235,79,795
1602931634.1616,79,793
1602931635.1513,79,798
1602931636.1717,78,802
1602931637.1615,78,789
1602931638.2913,78,789
1602931639.1716,78,814
1602931640.1613,78,831
1602931641.1521,78,820
1602931642.1928,77,782
1602931643.2932,77,781
1602931644.1516,78,767
1602931645.1713,78,754
1602931646.1618,78,738
1602931647.2207,79,736
1602931648.1715,80,714
1602931649.1616,80,718
1602931650.1514,81,738
1602931651.2006,81,771
1602931652.2917,81,769
1602931653.1515,81,765
1602931654.1713,81,780
1602931655.1912,81,791
1602931656.2412,80,786
1602931657.1713,80,793
1602931658.1615,80,804
1602931659.1515,80,838
1602931660.1713,78,850
1602931661.3084,78,812
1602931662.1520,77,787
1602931663.1715,78,767
1602931664.1615,78,733
1602931665.2269,79,707
1602931666.3089,80,672
1602931667.1613,82,657
1602931668.1520,84,679
1602931669.1714,85,684
1602931670.2339,86,739
1602931671.1521,86,800
1602931672.1715,85,858
1602931673.1614,84,886
1602931674.2254,82,900
1602931675.3035,79,884
1602931676.1623,78,855
1602931677.1514,78,847
1602931678.1713,77,846
1602931679.2356,77,856
1602931680.1512,76,845
1602931681.1715,76,878
1602931682.1615,75,891
1602931683.2008,75,900
1602931684.2865,74,889
1602931685.1613,73,876
1602931686.1522,73,871
1602931687.1712,73,854
1602931688.2380,72,834
1602931689.1811,73,802
1602931690.1712,73,795
1602931691.1624,74,814
1602931692.1675,74,832
1602931693.2430,74,820
1602931694.1610,74,831
1602931695.1511,74,838
1602931696.1713,74,832
1602931697.1734,74,806
1602931698.1515,74,790
1602931699.1730,75,772
1602931700.1612,76,756
1602931701.1520,76,710
1602931702.2422,78,691
1602931703.1618,81,660
1602931704.1510,82,641
1602931705.1711,85,637
1602931706.1898,86,636
1602931707.2902,89,629
1602931708.1713,91,634
1602931709.1610,92,645
1602931710.1512,93,650
1602931711.2282,93,653
1602931712.1614,93,651
1602931713.1513,94,661
1602931714.1710,93,662
1602931715.2394,93,663
1602931716.2977,93,666
1602931717.1714,93,669
1602931718.1613,93,676
1602931719.1509,92,694
1602931720.1887,91,700
1602931721.2977,91,702
1602931722.1812,90,708
1602931723.1711,89,728
1602931724.1609,89,742
1602931725.2528,87,744
1602931726.1712,87,742
1602931727.1911,86,741
1602931728.1513,85,745
1602931729.2169,85,747
1602931730.2918,84,743
1602931731.1518,84,747
1602931732.1712,84,759
1602931733.1611,83,773
1602931734.2242,83,762
1602931735.1708,82,755
1602931736.1616,82,754
1602931737.1512,82,759
1602931738.1707,82,755
1602931739.2984,82,746
1602931740.1510,82,751
1602931741.1413,82,753
1602931742.1609,82,743
1602931743.2420,82,760
1602931744.3176,82,792
1602931745.1609,81,802
1602931746.1517,81,782
1602931747.1534,80,775
1602931748.2434,80,773
1602931749.1508,80,772
1602931750.1408,80,765
1602931751.1610,80,762
1602931752.1926,80,770
1602931753.3004,80,771
1602931754.1907,80,766
1602931755.1811,80,744
1602931756.1709,81,722
1602931757.2341,81,700
1602931758.1509,83,682
1602931759.1707,85,650
1602931760.1609,86,644
1602931761.1824,87,642
1602931762.3038,89,657
1602931763.1608,90,733
1602931764.1509,89,815
1602931765.1410,88,866
1602931766.2482,86,877
1602931767.1509,82,857
1602931768.1710,81,864
1602931769.1607,80,857
1602931770.1508,79,825
1602931771.2556,78,809
1602931772.1609,78,767
1602931773.1506,78,765
1602931774.1407,79,775
1602931775.1710,78,830
1602931776.1529,78,840
1602931777.1408,78,848
1602931778.1607,77,861
1602931779.1508,76,871
1602931780.2416,76,842
1602931781.1610,75,823
1602931782.1808,75,790
1602931783.1389,76,748
1602931784.1595,76,744
1602931785.2593,77,739
1602931786.1392,78,725
1602931787.1891,79,729
1602931788.1790,80,716
1602931789.2243,80,718
1602931790.1593,81,727