Time,HR,RR
1606935798.3974,83,696
1606935799.3829,83,707
1606935800.3705,84,709
1606935801.3905,84,752
1606935802.4103,84,779
1606935803.3706,83,791
1606935804.3905,82,772
1606935805.3804,82,818
1606935806.3710,81,820
1606935807.5100,80,811
1606935808.3806,80,847
1606935809.3704,79,850
1606935810.4203,79,861
1606935811.4111,78,866
1606935812.4902,77,893
1606935813.3905,76,839
1606935814.3803,76,851
1606935815.3703,75,846
1606935816.4799,75,888
1606935817.3805,74,912
1606935818.3704,74,811
1606935819.3902,73,814
1606935820.3802,74,851
1606935821.4900,74,866
1606935822.4203,73,862
1606935823.3802,73,858
1606935824.3701,73,866
1606935825.4165,73,853
1606935826.3806,73,856
1606935827.3702,73,856
1606935828.3902,73,855
1606935829.3801,73,857
1606935830.5113,73,881
1606935831.3905,72,859
1606935832.3801,72,869
1606935833.3698,72,874
1606935834.3898,72,nan
1606935835.4893,72,901
1606935836.3702,71,2234
1606935837.3900,70,686
1606935838.3800,70,685
1606935839.4162,70,725
1606935840.3901,74,744
1606935841.3799,75,762
1606935842.3699,76,727
1606935843.4202,76,785
1606935844.5513,77,812
1606935845.4000,77,856
1606935846.3900,76,845
1606935847.3968,76,843
1606935848.4197,75,872
1606935849.5293,75,852
1606935850.3800,75,821
1606935851.3698,75,803
1606935852.3898,75,778
1606935853.5203,76,767
1606935854.3703,76,778
1606935855.3899,77,746
1606935856.3800,77,780
1606935857.3931,78,794
1606935858.5009,78,786
1606935859.3800,78,806
1606935860.3699,78,820
1606935861.3898,77,799
1606935862.4292,77,794
1606935863.3702,77,827
1606935864.4199,77,816
1606935865.3798,77,788
1606935866.3698,77,805
1606935867.5300,77,800
1606935868.3800,77,783
1606935869.3699,77,794
1606935870.3897,77,814
1606935871.4282,77,787
1606935872.5089,77,805
1606935873.3899,77,813
1606935874.3798,77,782
1606935875.3697,77,789
1606935876.4415,77,790
1606935877.4098,77,765
1606935878.3999,77,750
1606935879.3896,78,772
1606935880.4020,78,771
1606935881.5085,78,760
1606935882.3898,79,787
1606935883.3796,78,799
1606935884.3695,78,785
1606935885.4414,78,805
1606935886.3800,78,795
1606935887.3696,78,733
1606935888.3896,79,729
1606935889.3795,80,713
1606935890.5100,81,714
1606935891.3897,81,714
1606935892.3796,82,741
1606935893.3694,82,772
1606935894.4409,82,745
1606935895.3796,82,774
1606935896.3695,82,803
1606935897.3894,82,nan
1606935898.3794,81,763
1606935899.4504,81,2069
1606935900.3895,81,663
1606935901.3794,82,676
1606935902.3694,85,691
1606935903.3893,86,680
1606935904.5219,87,675
1606935905.3695,87,692
1606935906.3893,88,712
1606935907.3793,87,741
1606935908.4207,87,753
1606935909.4193,86,751
1606935910.4094,85,731
1606935911.3993,85,746
1606935912.3892,85,745
1606935913.4600,84,739
1606935914.3694,84,713
1606935915.3892,84,720
1606935916.3791,85,732
1606935917.4476,85,710
1606935918.3894,85,748
1606935919.3793,84,760
1606935920.3691,84,760
1606935921.3890,84,811
1606935922.4589,83,834
1606935923.3695,81,828
1606935924.3891,80,827
1606935925.3790,80,806
1606935926.3690,79,794
1606935927.3895,79,765
1606935928.3791,79,767
1606935929.3689,80,737
1606935930.3889,80,707
1606935931.4378,81,698
1606935932.3992,82,731
1606935933.3890,82,717
1606935934.3788,83,741
1606935935.3689,83,730
1606935936.4707,83,734
1606935937.3789,83,715
1606935938.3689,83,728
1606935939.3888,84,717
1606935940.3986,84,730
1606935941.3690,84,739
1606935942.3889,84,745
1606935943.4088,84,763
1606935944.3987,84,803
1606935945.4682,82,826
1606935946.3789,81,787
1606935947.3688,81,808
1606935948.3887,80,801
1606935949.3997,80,750
1606935950.5078,80,777
1606935951.3887,80,798
1606935952.3787,80,792
1606935953.3686,79,821
1606935954.4387,79,835
1606935955.3790,79,821
1606935956.3687,78,819
1606935957.3886,78,831
1606935958.3786,77,841
1606935959.4801,77,822
1606935960.3887,76,850
1606935961.3785,76,856
1606935962.3685,75,848
1606935963.3884,75,864
1606935964.4088,75,855
1606935965.3686,74,844
1606935966.4185,74,836
1606935967.3784,74,854
1606935968.4494,74,823
1606935969.3885,74,804
1606935970.3786,74,845
1606935971.3684,74,846
1606935972.3884,74,833
1606935973.4904,74,817
1606935974.3686,74,810
1606935975.3884,74,835
1606935976.4083,74,820
1606935977.4182,74,783
1606935978.3888,75,783
1606935979.3784,75,826
1606935980.3683,75,801
1606935981.3882,75,813
1606935982.4875,75,824
1606935983.3685,75,796
1606935984.3884,75,813
1606935985.3782,75,812
1606935986.3890,75,781
1606935987.5002,75,809
1606935988.3783,76,776
1606935989.3683,76,716
1606935990.3883,77,719
1606935991.4570,79,746
1606935992.3684,79,787
1606935993.4183,79,796
1606935994.3781,79,790
1606935995.3881,79,797
1606935996.4965,79,783
1606935997.3783,79,755
1606935998.3682,79,730
1606935999.3881,80,705
1606936000.3979,81,697
1606936001.3685,82,702
1606936002.3882,83,697
1606936003.3783,84,692
1606936004.3680,85,698
1606936005.4676,85,729
1606936006.3782,85,792
1606936007.3681,84,850
1606936008.3880,84,nan
1606936009.4079,84,nan
1606936010.5399,82,858
1606936011.3881,81,812
1606936012.3780,78,2926
1606936013.3679,77,721
1606936014.4377,77,785
1606936015.3781,78,819
1606936016.3682,77,815
1606936017.4178,77,791
1606936018.3994,77,818
1606936019.5060,77,845
1606936020.3880,77,866
1606936021.3780,76,900
1606936022.3679,75,902
1606936023.4092,74,898
1606936024.3782,74,883
1606936025.3679,73,866
1606936026.3879,73,852
1606936027.3778,73,839
1606936028.4797,73,783
1606936029.3879,73,774
1606936030.3778,74,782
1606936031.3678,75,752
1606936032.4082,75,775
1606936033.5189,76,786
1606936034.3680,76,816
1606936035.3878,77,839
1606936036.3777,76,832
1606936037.4592,76,817
1606936038.3880,76,852
1606936039.3777,75,859
1606936040.3677,75,849
1606936041.3877,75,876
1606936042.5466,74,869
1606936043.3978,74,851
1606936044.3877,73,833
1606936045.3776,73,836
1606936046.4171,73,842
1606936047.3878,73,826
1606936048.3778,74,837
1606936049.3676,74,802
1606936050.3875,74,799
1606936051.4551,74,807
1606936052.3678,74,819
1606936053.3876,74,807
1606936054.3774,74,829
1606936055.4193,75,818
1606936056.3878,75,810
1606936057.3776,75,800
1606936058.3675,75,794
1606936059.3874,75,797
1606936060.4563,76,802