time,gsr
1.601464661227099895e+09,4.703528393958756624e+02
1.601464661347100019e+09,4.702663224974696732e+02
1.601464661467000008e+09,4.701802332831798594e+02
1.601464661557199955e+09,4.700945717530062780e+02
1.601464661647000074e+09,4.700093379069489288e+02
1.601464661767100096e+09,4.699245317450078119e+02
1.601464661917000055e+09,4.698401532671828704e+02
1.601464661976999998e+09,4.697562024734741044e+02
1.601464662097100019e+09,4.696726793638816275e+02
1.601464662187000036e+09,4.695895839384053261e+02
1.601464662306900024e+09,4.695069161970452569e+02
1.601464662426899910e+09,4.694246761398013632e+02
1.601464662516999960e+09,4.693428637666737018e+02
1.601464662637000084e+09,4.692614790776622726e+02
1.601464662726900101e+09,4.691805220727670189e+02
1.601464662847800016e+09,4.690999927519879975e+02
1.601464662967000008e+09,4.690198911153252084e+02
1.601464663056499958e+09,4.689402171627785947e+02
1.601464663176300049e+09,4.688609708943482133e+02
1.601464663296400070e+09,4.687821523100340642e+02
1.601464663386199951e+09,4.687037614098360905e+02
1.601464663506200075e+09,4.686257981937543491e+02
1.601464663596100092e+09,4.685482626617888400e+02
1.601464663811700106e+09,4.684711548139395063e+02
1.601464663836199999e+09,4.683944746502064049e+02
1.601464663926100016e+09,4.683182221705895358e+02
1.601464664046099901e+09,4.682423973750888422e+02
1.601464664136199951e+09,4.681670002637043808e+02
1.601464664352499962e+09,4.680920308364361517e+02
1.601464664376100063e+09,4.680174890932840981e+02
1.601464664466099977e+09,4.679433750342482767e+02
1.601464664586199999e+09,4.678696886593286877e+02
1.601464664676199913e+09,4.677964299685252740e+02
1.601464664923199892e+09,4.677235989618380927e+02
1.601464664923700094e+09,4.676511956392670868e+02
1.601464665006099939e+09,4.675792200008123700e+02
1.601464665126199961e+09,4.675076720464738287e+02
1.601464665216200113e+09,4.674365517762514628e+02
1.601464665462800026e+09,4.673658591901453292e+02
1.601464665463299990e+09,4.672955942881554279e+02
1.601464665546099901e+09,4.672257570702817588e+02
1.601464665666199923e+09,4.671563475365242653e+02
1.601464665786200047e+09,4.670873656868830039e+02
1.601464665876100063e+09,4.670188115213579181e+02
1.601464666061300039e+09,4.669506850399490645e+02
1.601464666086199999e+09,4.668829862426564432e+02
1.601464666206099987e+09,4.668157151294800542e+02
1.601464666326100111e+09,4.667488717004198406e+02
1.601464666416199923e+09,4.666824559554758594e+02
1.601464666570199966e+09,4.666164678946480535e+02
1.601464666626100063e+09,4.665509075178694616e+02
1.601464666746099949e+09,4.664770826596554798e+02
1.601464666866199970e+09,4.664042190626162210e+02
1.601464666956199884e+09,4.663324915015106171e+02
1.601464667173599958e+09,4.662620747510977708e+02
1.601464667174099922e+09,4.662072741254040693e+02
1.601464667286099911e+09,4.661526919681591608e+02
1.601464667406100035e+09,4.660985321832486079e+02
1.601464667503700018e+09,4.660449986745579167e+02
1.601464667742799997e+09,4.659922953459727069e+02
1.601464667743299961e+09,4.659406261013783137e+02
1.601464667826100111e+09,4.659043253839279259e+02
1.601464667946099997e+09,4.658524231063215666e+02
1.601464668036099911e+09,4.657992537117121969e+02
1.601464668284199953e+09,4.657308905647178676e+02
1.601464668284699917e+09,4.656631100002536527e+02
1.601464668366100073e+09,4.655819562538110858e+02
1.601464668486099958e+09,4.655031765311786103e+02
1.601464668576100111e+09,4.654410470172562668e+02
1.601464668696199894e+09,4.653801409266472433e+02
1.601464668847100019e+09,4.653206330341105286e+02
1.601464668906100035e+09,4.652768286536724531e+02
1.601464669026099920e+09,4.652333301290627787e+02
1.601464669116100073e+09,4.651903413641668976e+02
1.601464669236200094e+09,4.651465952419818564e+02
1.601464669383199930e+09,4.650866941062371893e+02
1.601464669446099997e+09,4.650264142918479706e+02
1.601464669566099882e+09,4.649659305735733028e+02
1.601464669686199903e+09,4.649054177261720611e+02
1.601464669776099920e+09,4.648450505244033479e+02
1.601464669931099892e+09,4.647850037430262091e+02
1.601464669986099958e+09,4.647254521567996335e+02
1.601464670106100082e+09,4.646665705404826667e+02
1.601464670226099968e+09,4.646085336688343546e+02
1.601464670316099882e+09,4.645515163166136858e+02
1.601464670532999992e+09,4.644956932585796494e+02
1.601464670533499956e+09,4.644412392694914615e+02
1.601464670646100044e+09,4.643727275639520258e+02
1.601464670766099930e+09,4.643200358870172977e+02
1.601464670856100082e+09,4.642692084741789813e+02
1.601464671102799892e+09,4.642048185400399234e+02
1.601464671103399992e+09,4.641411422695002784e+02
1.601464671186100006e+09,4.640783253081925750e+02
1.601464671306099892e+09,4.640165133017491144e+02
1.601464671396100044e+09,4.639558518958027662e+02
1.601464671642499924e+09,4.638964867359857180e+02
1.601464671642999887e+09,4.638385634679307259e+02
1.601464671726099968e+09,4.637963582765378305e+02
1.601464671846100092e+09,4.637544443764099924e+02
1.601464671936100006e+09,4.637129965423062004e+02
1.601464672056099892e+09,4.636721895489855569e+02
1.601464672211100101e+09,4.636165966110509089e+02
1.601464672266000032e+09,4.635604939134025244e+02
1.601464672386100054e+09,4.635040271016728184e+02
1.601464672476099968e+09,4.634473418214944331e+02
1.601464672596199989e+09,4.633905837184996699e+02
1.601464672753099918e+09,4.633338984383211709e+02
1.601464672806099892e+09,4.632774316265915218e+02
1.601464672926100016e+09,4.632213289289430236e+02
1.601464673016200066e+09,4.631657359910083755e+02
1.601464673136199951e+09,4.631107984584202768e+02
1.601464673320400000e+09,4.630566619768110286e+02
1.601464673346100092e+09,4.630034721918131027e+02
1.601464673466099977e+09,4.629513747490591982e+02
1.601464673556099892e+09,4.629005152941816732e+02
1.601464673676100016e+09,4.628510394728131132e+02
1.601464673923000097e+09,4.628030929305861036e+02
1.601464673923500061e+09,4.627568213131330594e+02
1.601464674006099939e+09,4.626967687059305945e+02
1.601464674126100063e+09,4.626371821647522324e+02
1.601464674216099977e+09,4.625781782061039280e+02
1.601464674456899881e+09,4.625340038857593186e+02
1.601464674457400084e+09,4.624892032891947906e+02
1.601464674546099901e+09,4.624439220620428728e+02
1.601464674666100025e+09,4.623983058499362642e+02
1.601464674756099939e+09,4.623525002985073797e+02
1.601464674876100063e+09,4.623066510533887481e+02
1.601464675052299976e+09,4.622609037602127273e+02
1.601464675086100101e+09,4.622154040646121871e+02
1.601464675206000090e+09,4.621702976122193718e+02
1.601464675296099901e+09,4.621257300486669237e+02
1.601464675416199923e+09,4.620818470195872578e+02
1.601464675564199924e+09,4.620387941706130732e+02
1.601464675625999928e+09,4.619967171473767280e+02
1.601464675746200085e+09,4.619557615955108645e+02
1.601464675836100101e+09,4.619160731606480681e+02
1.601464675956099987e+09,4.618777974884206401e+02
1.601464676139400005e+09,4.618410802244611091e+02
1.601464676166100025e+09,4.617904654542462026e+02
1.601464676286099911e+09,4.617543307728168998e+02
1.601464676376100063e+09,4.617030897263821316e+02
1.601464676496099949e+09,4.616665909308715641e+02
1.601464676681400061e+09,4.616293784717615267e+02
1.601464676706099987e+09,4.615915979946847756e+02
1.601464676825999975e+09,4.615533951452736119e+02
1.601464676915999889e+09,4.615149155691606779e+02
1.601464677036099911e+09,4.614763049119784455e+02
1.601464677283200026e+09,4.614377088193595000e+02
1.601464677283699989e+09,4.613992729369362564e+02
1.601464677365999937e+09,4.613611429103413570e+02
1.601464677456099987e+09,4.613234643852072736e+02
1.601464677576100111e+09,4.612863830071665916e+02
1.601464677822799921e+09,4.612500444218517259e+02
1.601464677823299885e+09,4.612145942748953757e+02
1.601464677905999899e+09,4.611801782119298423e+02
1.601464677996000051e+09,4.611469418785878815e+02
1.601464678116100073e+09,4.610994293603457663e+02
1.601464678236099958e+09,4.610518877129770772e+02
1.601464678391000032e+09,4.610044334529879961e+02
1.601464678446000099e+09,4.609571830968844779e+02
1.601464678566099882e+09,4.609102531611724771e+02
1.601464678656100035e+09,4.608778907016254607e+02
1.601464678776099920e+09,4.608290382435641277e+02
1.601464678930999994e+09,4.607779428427619450e+02
1.601464678986000061e+09,4.607247210157248674e+02
1.601464679105999947e+09,4.606850908391149915e+02
1.601464679196099997e+09,4.606450674192973338e+02
1.601464679316299915e+09,4.606203979620603377e+02
1.601464679500699997e+09,4.605971267028955936e+02
1.601464679526000023e+09,4.605598268564060618e+02
1.601464679645999908e+09,4.605227746074918400e+02
1.601464679736099958e+09,4.604861156017854569e+02
1.601464679856199980e+09,4.604343939247634125e+02
1.601464680041599989e+09,4.603818566321991739e+02
1.601464680066200018e+09,4.603286202405988661e+02
1.601464680186199903e+09,4.602591997063124722e+02
1.601464680276000023e+09,4.602034145161429137e+02
1.601464680396100044e+09,4.601472506473288604e+02
1.601464680642199993e+09,4.600908246163762101e+02
1.601464680642699957e+09,4.600342529397910880e+02
1.601464680726000071e+09,4.599776521340795057e+02
1.601464680816099882e+09,4.599211387157474178e+02
1.601464680966200113e+09,4.598648292013007790e+02
1.601464681056099892e+09,4.598088401072457714e+02
1.601464681203000069e+09,4.597674184893558618e+02
1.601464681266000032e+09,4.597109778938399813e+02
1.601464681355999947e+09,4.596552363973602837e+02
1.601464681476099968e+09,4.596144410556901789e+02
1.601464681596100092e+09,4.595731359543062808e+02
1.601464681744999886e+09,4.595314667388410044e+02
1.601464681805999994e+09,4.594895790549269918e+02
1.601464681895999908e+09,4.594476185481967150e+02
1.601464682016000032e+09,4.594057308642827593e+02
1.601464682136100054e+09,4.593640616488175397e+02
1.601464682315399885e+09,4.593227565474335847e+02
1.601464682346100092e+09,4.592819612057635936e+02
1.601464682436100006e+09,4.592418212694398676e+02
1.601464682556400061e+09,4.592024823840950489e+02
1.601464682676100016e+09,4.591484886352055241e+02
1.601464682860800028e+09,4.590940870785451011e+02
1.601464682886100054e+09,4.590393942306195072e+02
1.601464683006000042e+09,4.589845266079349244e+02
1.601464683095999956e+09,4.589296007269973074e+02
1.601464683216200113e+09,4.588747331043127247e+02
1.601464683432600021e+09,4.588200402563872444e+02
1.601464683433099985e+09,4.587656386997267077e+02
1.601464683546000004e+09,4.587116449508372966e+02
1.601464683635999918e+09,4.586581755262249658e+02
1.601464683756099939e+09,4.586053469423956699e+02
1.601464683846100092e+09,4.585532757158555910e+02
1.601464684031300068e+09,4.585020783631106269e+02
1.601464684086100101e+09,4.584518714006668461e+02
1.601464684176000118e+09,4.584027713450302031e+02
1.601464684296000004e+09,4.583548947127067663e+02
1.601464684386100054e+09,4.583083580202025473e+02
1.601464684571399927e+09,4.582632777840236145e+02
1.601464684625999928e+09,4.582339010599434346e+02
1.601464684716099977e+09,4.582047719334384510e+02
1.601464684835999966e+09,4.581619055108739076e+02
1.601464684956099987e+09,4.581351504081791290e+02
1.601464685111000061e+09,4.581090507108307293e+02
1.601464685165999889e+09,4.580837520644612368e+02
1.601464685256000042e+09,4.580437985545471520e+02
1.601464685375999928e+09,4.580034372368620552e+02
1.601464685496000051e+09,4.579627846279117875e+02
1.601464685680399895e+09,4.579219572442025310e+02
1.601464685706000090e+09,4.578810716022402971e+02
1.601464685796000004e+09,4.578402442185310406e+02
1.601464685915999889e+09,4.577995916095808866e+02
1.601464686036099911e+09,4.577592302918957330e+02
1.601464686221299887e+09,4.577192767819815913e+02
1.601464686246000051e+09,4.576798475963445867e+02
1.601464686335999966e+09,4.576410592514907307e+02
1.601464686456000090e+09,4.576030282639259212e+02
1.601464686576100111e+09,4.575658711501562834e+02
1.601464686791599989e+09,4.575297044266877720e+02
1.601464686792099953e+09,4.574946446100265121e+02
1.601464686875999928e+09,4.574608082166785152e+02
1.601464686996000051e+09,4.574283117631496225e+02
1.601464687116199970e+09,4.573972717659459590e+02
1.601464687206099987e+09,4.573522031814176785e+02
1.601464687384299994e+09,4.573229254963675885e+02
1.601464687446099997e+09,4.572798231278783305e+02
1.601464687536000013e+09,4.572371140025967975e+02
1.601464687656100035e+09,4.571948855079027112e+02
1.601464687746099949e+09,4.571532250311754524e+02
1.601464687923300028e+09,4.571122199597945723e+02
1.601464687986000061e+09,4.570860882204069640e+02
1.601464688076100111e+09,4.570452142300953255e+02
1.601464688196000099e+09,4.570052869363951800e+02
1.601464688286000013e+09,4.569805242659533633e+02
1.601464688495300055e+09,4.569554411751199723e+02
1.601464688526000023e+09,4.569160236411336200e+02
1.601464688645999908e+09,4.568920911507971709e+02
1.601464688736099958e+09,4.568681586604607787e+02
1.601464688825999975e+09,4.568443426866303412e+02
1.601464689041300058e+09,4.568207597458120404e+02
1.601464689065900087e+09,4.567975263545117741e+02
1.601464689155999899e+09,4.567747590292354971e+02
1.601464689276000023e+09,4.567525742864893914e+02
1.601464689395999908e+09,4.567310886427794117e+02
1.601464689612299919e+09,4.567104186146115694e+02
1.601464689612799883e+09,4.566750791583357909e+02
1.601464689696000099e+09,4.566392882005992533e+02
1.601464689815999985e+09,4.566031331287813941e+02
1.601464689936100006e+09,4.565667013302617647e+02
1.601464690152699947e+09,4.565300801924198026e+02
1.601464690153199911e+09,4.564933571026351160e+02
1.601464690236000061e+09,4.564566194482871992e+02
1.601464690355999947e+09,4.564199546167555468e+02
1.601464690476000071e+09,4.563834499954195394e+02
1.601464690565999985e+09,4.563471929716590125e+02
1.601464690742199898e+09,4.563112709328532901e+02
1.601464690776099920e+09,4.562757712663817529e+02
1.601464690895999908e+09,4.562407813596239521e+02
1.601464691016000032e+09,4.562063885999596096e+02
1.601464691135999918e+09,4.561726803747682197e+02
1.601464691311899900e+09,4.561397440714291633e+02
1.601464691345900059e+09,4.561076670773219348e+02
1.601464691436000109e+09,4.560765367798262560e+02
1.601464691555999994e+09,4.560605711055889060e+02
1.601464691645999908e+09,4.560442850109600386e+02
1.601464691853199959e+09,4.560277950124454946e+02
1.601464691885999918e+09,4.560112176265516837e+02
1.601464691976000071e+09,4.559946693697842193e+02
1.601464692095999956e+09,4.559626651984932550e+02
1.601464692186000109e+09,4.559450245994819397e+02
1.601464692424700022e+09,4.559277335499887158e+02
1.601464692425899982e+09,4.558953070063633959e+02
1.601464692515899897e+09,4.558619628952533276e+02
1.601464692635999918e+09,4.558277886040377780e+02
1.601464692726000071e+09,4.557928715200964689e+02
1.601464692964600086e+09,4.557572990308086673e+02
1.601464692965899944e+09,4.557211585235542088e+02
1.601464693055900097e+09,4.556845373857121331e+02
1.601464693176000118e+09,4.556475230046623892e+02
1.601464693265899897e+09,4.556102027677844148e+02
1.601464693504300117e+09,4.555867946017250460e+02
1.601464693505899906e+09,4.555476829235669243e+02
1.601464693595900059e+09,4.555226872201130277e+02
1.601464693715899944e+09,4.554963224477135100e+02
1.601464693835999966e+09,4.554687051228742121e+02
1.601464693926000118e+09,4.554399517621013160e+02
1.601464694102200031e+09,4.554101788819006060e+02
1.601464694135999918e+09,4.553795029987783778e+02
1.601464694256099939e+09,4.553480406292404723e+02
1.601464694375999928e+09,4.553159082897929579e+02
1.601464694466000080e+09,4.552832224969417894e+02
1.601464694674200058e+09,4.552500997671930918e+02
1.601464694676199913e+09,4.552166566170528768e+02
1.601464694795900106e+09,4.551830095630270421e+02
1.601464694915999889e+09,4.551492751216217130e+02
1.601464695006000042e+09,4.551155698093430146e+02
1.601464695243599892e+09,4.550820101426967312e+02
1.601464695244100094e+09,4.550487126381889880e+02
1.601464695335900068e+09,4.550157938123258532e+02
1.601464695455899954e+09,4.549833701816132248e+02
1.601464695545900106e+09,4.549359567024011994e+02
1.601464695788800001e+09,4.548877713013368407e+02
1.601464695789400101e+09,4.548545029259556145e+02
1.601464695875900030e+09,4.548065359933400487e+02
1.601464695995899916e+09,4.547580884301370929e+02
1.601464696085999966e+09,4.547092476237263554e+02
1.601464696324300051e+09,4.546601009614873306e+02
1.601464696325900078e+09,4.546107358307995696e+02
1.601464696415899992e+09,4.545612396190424533e+02
1.601464696535900116e+09,4.545116997135955899e+02
1.601464696625999928e+09,4.544622035018384736e+02
1.601464696745899916e+09,4.544128383711506558e+02
1.601464696892899990e+09,4.543636917089116309e+02
1.601464696955899954e+09,4.543148509025009503e+02
1.601464697075900078e+09,4.542664033392979945e+02
1.601464697165899992e+09,4.542184364066824287e+02
1.601464697286000013e+09,4.541851680313011457e+02
1.601464697495100021e+09,4.541511131695042991e+02
1.601464697495899916e+09,4.541163883377979005e+02
1.601464697615900040e+09,4.540669795134202218e+02
1.601464697705899954e+09,4.540185756439071270e+02
1.601464697825900078e+09,4.539853946559053952e+02
1.601464698034100056e+09,4.539519515057651802e+02
1.601464698035799980e+09,4.539183627099923228e+02
1.601464698155900002e+09,4.538847447850930621e+02
1.601464698275899887e+09,4.538512142475732958e+02
1.601464698365900040e+09,4.538178876139390923e+02
1.601464698602499962e+09,4.537848814006963494e+02
1.601464698602999926e+09,4.537523121243513060e+02
1.601464698695899963e+09,4.537202963014097463e+02
1.601464698815900087e+09,4.536889504483778524e+02
1.601464698905800104e+09,4.536427895216056072e+02
1.601464699147500038e+09,4.536116330078959322e+02
1.601464699148099899e+09,4.535814668844874973e+02
1.601464699235899925e+09,4.535368061077302286e+02
1.601464699355900049e+09,4.534918686042711329e+02
1.601464699445800066e+09,4.534623433216457897e+02
1.601464699565900087e+09,4.534186146769366133e+02
1.601464699712800026e+09,4.533749005967907806e+02
1.601464699775899887e+09,4.533312884685876725e+02
1.601464699895900011e+09,4.532878656797068970e+02
1.601464699985899925e+09,4.532447196175278350e+02
1.601464700105900049e+09,4.532019376694300945e+02
1.601464700250999928e+09,4.531596072227931700e+02
1.601464700315799952e+09,4.531178156649966695e+02
1.601464700435800076e+09,4.530766503834199739e+02
1.601464700525899887e+09,4.530361987654426912e+02
1.601464700645900011e+09,4.529965481984442022e+02
1.601464700850899935e+09,4.529577860698042286e+02
1.601464700855900049e+09,4.529199997669020377e+02
1.601464700975899935e+09,4.528832766771173510e+02
1.601464701065900087e+09,4.528477041878295495e+02
1.601464701185899973e+09,4.528133696864183548e+02
1.601464701392899990e+09,4.527803605602630341e+02
1.601464701395800114e+09,4.527628947360105940e+02
1.601464701515799999e+09,4.527454871700113017e+02
1.601464701605799913e+09,4.527141238395034861e+02
1.601464701725899935e+09,4.526986242312902959e+02
1.601464701963999987e+09,4.526835033017215437e+02
1.601464701964499950e+09,4.526688775673035252e+02
1.601464702055900097e+09,4.526548635445419677e+02
1.601464702175899982e+09,4.526415777499431670e+02
1.601464702265899897e+09,4.526291367000129640e+02
1.601464702502500057e+09,4.526176569112574271e+02
1.601464702503099918e+09,4.525916533400264825e+02
1.601464702595799923e+09,4.525653439129673643e+02
1.601464702715800047e+09,4.525388160174592826e+02
1.601464702805900097e+09,4.525121570408820162e+02
1.601464702926100016e+09,4.524854543706150594e+02
1.601464703070199966e+09,4.524587953940377361e+02
1.601464703135799885e+09,4.524322674985297681e+02
1.601464703255899906e+09,4.524059580714705362e+02
1.601464703345799923e+09,4.523799545002396485e+02
1.601464703465899944e+09,4.523543441722165426e+02
1.601464703610899925e+09,4.523292144747808265e+02
1.601464703675800085e+09,4.523046527953118243e+02
1.601464703795799971e+09,4.522807465211893145e+02
1.601464703885900021e+09,4.522575830397925643e+02
1.601464704006000042e+09,4.522352497385012953e+02
1.601464704212599993e+09,4.522138340046948883e+02
1.601464704215800047e+09,4.521934232257529516e+02
1.601464704335900068e+09,4.521585032288988373e+02
1.601464704425800085e+09,4.521388643718092339e+02
1.601464704545900106e+09,4.521048619424400954e+02
1.601464704780900002e+09,4.520706847383119680e+02
1.601464704781500101e+09,4.520363910176777722e+02
1.601464704875799894e+09,4.520020390387905422e+02
1.601464704965800047e+09,4.519676870599033123e+02
1.601464705085900068e+09,4.519333933392691165e+02
1.601464705322200060e+09,4.518992161351409891e+02
1.601464705322700024e+09,4.518652137057718505e+02
1.601464705415800095e+09,4.518455748486822472e+02
1.601464705505800009e+09,4.518106548518281329e+02
1.601464705625900030e+09,4.517761135336186840e+02
1.601464705745899916e+09,4.517420091523068209e+02
1.601464705891000032e+09,4.517225305054130899e+02
1.601464705955800056e+09,4.517021634201608435e+02
1.601464706045799971e+09,4.516809952839296898e+02
1.601464706165800095e+09,4.516591134840992368e+02
1.601464706285900116e+09,4.516366054080489789e+02
1.601464706430799961e+09,4.516135584431582970e+02
1.601464706495800018e+09,4.515900599768067423e+02
1.601464706615900040e+09,4.515661973963739797e+02
1.601464706705800056e+09,4.515420580892393900e+02
1.601464706825900078e+09,4.515177294427825245e+02
1.601464707000299931e+09,4.514932988443828776e+02
1.601464707035799980e+09,4.514688536814200006e+02
1.601464707155800104e+09,4.514444813412733311e+02
1.601464707245800018e+09,4.514202692113224771e+02
1.601464707365799904e+09,4.513963046789469331e+02
1.601464707455899954e+09,4.513726751315261936e+02
1.601464707600800037e+09,4.513494679564397529e+02
1.601464707695800066e+09,4.513267705410671056e+02
1.601464707785799980e+09,4.513046702727878596e+02
1.601464707905800104e+09,4.512832545389814527e+02
1.601464707995899916e+09,4.512626107270274929e+02
1.601464708140799999e+09,4.512428262243053609e+02
1.601464708235800028e+09,4.512083868580386365e+02
1.601464708325799942e+09,4.511734814257478092e+02
1.601464708445800066e+09,4.511381681856859132e+02
1.601464708682100058e+09,4.511181069562620678e+02
1.601464708682600021e+09,4.510992545855880849e+02
1.601464708775799990e+09,4.510660969008876009e+02
1.601464708865799904e+09,4.510328226996810486e+02
1.601464708985899925e+09,4.509994902402215189e+02
1.601464709105799913e+09,4.509661577807619892e+02
1.601464709280800104e+09,4.509328835795554937e+02
1.601464709315799952e+09,4.508997258948550098e+02
1.601464709405800104e+09,4.508667429849135146e+02
1.601464709525799990e+09,4.508339931079840994e+02
1.601464709645800114e+09,4.508015345223196846e+02
1.601464709791199923e+09,4.507694254861733043e+02
1.601464709855799913e+09,4.507377242577981065e+02
1.601464709945699930e+09,4.507064890954469547e+02
1.601464710065700054e+09,4.506757782573728264e+02
1.601464710185800076e+09,4.506456500018288693e+02
1.601464710369999886e+09,4.506161625870680041e+02
1.601464710395800114e+09,4.506015048106107201e+02
1.601464710485800028e+09,4.505720319604130282e+02
1.601464710605700016e+09,4.505434038548840476e+02
1.601464710725800037e+09,4.505298092915442680e+02
1.601464710815799952e+09,4.505016035583495864e+02
1.601464710961400032e+09,4.504885770129766343e+02
1.601464711055700064e+09,4.504752154826488209e+02
1.601464711145699978e+09,4.504616063547457543e+02
1.601464711265799999e+09,4.504478370166469290e+02
1.601464711355799913e+09,4.504339948557317825e+02
1.601464711502700090e+09,4.504201672593799231e+02
1.601464711595700026e+09,4.503923110757032759e+02
1.601464711685699940e+09,4.503802166623785297e+02
1.601464711805700064e+09,4.503683698466288661e+02
1.601464711895800114e+09,4.503568580158342343e+02
1.601464712071899891e+09,4.503457685573737308e+02
1.601464712135699987e+09,4.503351888586271343e+02
1.601464712225800037e+09,4.503252063069738824e+02
1.601464712345700026e+09,4.503003067296375548e+02
1.601464712435699940e+09,4.502746789241385841e+02
1.601464712612799883e+09,4.502639827088859192e+02
1.601464712675699949e+09,4.502385733718357415e+02
1.601464712765799999e+09,4.502126397105084834e+02
1.601464712885799885e+09,4.501862399831570656e+02
1.601464713005800009e+09,4.501594324480346359e+02
1.601464713181900024e+09,4.501322753633941147e+02
1.601464713215699911e+09,4.501048269874885364e+02
1.601464713305700064e+09,4.500771455785709350e+02
1.601464713425699949e+09,4.500492893948943447e+02
1.601464713545700073e+09,4.500213166947117998e+02
1.601464713724699974e+09,4.499932857362761069e+02
1.601464713755700111e+09,4.499652547778404141e+02
1.601464713845700026e+09,4.499372820776577555e+02
1.601464713965800047e+09,4.499094258939811652e+02
1.601464714085799932e+09,4.498817444850635638e+02
1.601464714175699949e+09,4.498542961091579855e+02
1.601464714324700117e+09,4.498271390245175780e+02
1.601464714385699987e+09,4.498003314893951483e+02
1.601464714505700111e+09,4.497739317620437305e+02
1.601464714625799894e+09,4.497479981007164724e+02
1.601464714715800047e+09,4.497225887636661810e+02
1.601464714901000023e+09,4.496977620091461176e+02
1.601464714925800085e+09,4.496735760954090892e+02
1.601464715045700073e+09,4.496500892807082437e+02
1.601464715165699959e+09,4.496273598232963877e+02
1.601464715255800009e+09,4.496054459814268967e+02
1.601464715440099955e+09,4.495844060133524067e+02
1.601464715495699883e+09,4.495642981773260090e+02
1.601464715585700035e+09,4.495451807316009081e+02
1.601464715705699921e+09,4.495271119344299109e+02
1.601464715795700073e+09,4.495101500440661653e+02
1.601464715975800037e+09,4.494943533187625349e+02
1.601464716035700083e+09,4.494797800167722244e+02
1.601464716125699997e+09,4.494664883963479838e+02
1.601464716245699883e+09,4.494545367157430746e+02
1.601464716335799932e+09,4.494283816730543322e+02
1.601464716542500019e+09,4.494177844968318141e+02
1.601464716575700045e+09,4.494086729060610992e+02
1.601464716665699959e+09,4.494011051589951080e+02
1.601464716785700083e+09,4.493795379537309600e+02
1.601464716875699997e+09,4.493581309586624570e+02
1.601464717082299948e+09,4.493369133029163436e+02
1.601464717115700006e+09,4.493159141156189662e+02
1.601464717205699921e+09,4.492951625258968988e+02
1.601464717325700045e+09,4.492746876628766586e+02
1.601464717445699930e+09,4.492545186556846488e+02
1.601464717535700083e+09,4.492488151727150694e+02
1.601464717682699919e+09,4.492279033727972433e+02
1.601464717745699883e+09,4.492074139452136592e+02
1.601464717865700006e+09,4.492015065583585169e+02
1.601464717985699892e+09,4.491946379103286517e+02
1.601464718075700045e+09,4.491868662593771546e+02
1.601464718251100063e+09,4.491641193244894339e+02
1.601464718285700083e+09,4.491561583342156609e+02
1.601464718405699968e+09,4.491333094473852725e+02
1.601464718525700092e+09,4.491253338925482126e+02
1.601464718615700006e+09,4.491025578285340885e+02
1.601464718790899992e+09,4.490947424838927873e+02
1.601464718825700045e+09,4.490863445567214853e+02
1.601464718945699930e+09,4.490774223052729894e+02
1.601464719065700054e+09,4.490680339878005043e+02
1.601464719155699968e+09,4.490582378625568936e+02
1.601464719361999989e+09,4.490480921877952483e+02
1.601464719395699978e+09,4.490376552217685457e+02
1.601464719485699892e+09,4.490269852227298202e+02
1.601464719605700016e+09,4.490161404489320489e+02
1.601464719695600033e+09,4.490051791586282661e+02
1.601464719901799917e+09,4.489941596100714492e+02
1.601464719935600042e+09,4.489831400615146890e+02
1.601464720025700092e+09,4.489721787712109062e+02
1.601464720145699978e+09,4.489613339974131350e+02
1.601464720235699892e+09,4.489506639983743526e+02
1.601464720471899986e+09,4.489402270323476500e+02
1.601464720475699902e+09,4.489300813575860047e+02
1.601464720565599918e+09,4.489202852323424509e+02
1.601464720685699940e+09,4.489108969148699089e+02
1.601464720775799990e+09,4.489019746634214698e+02
1.601464720895800114e+09,4.488935767362501110e+02
1.601464721103300095e+09,4.488857613916088667e+02
1.601464721105600119e+09,4.488785868877507141e+02
1.601464721225699902e+09,4.488721114829286307e+02
1.601464721315700054e+09,4.488507918752397359e+02
1.601464721435699940e+09,4.488443892932339736e+02
1.601464721610800028e+09,4.488388314558968659e+02
1.601464721645600080e+09,4.488185750613253049e+02
1.601464721765599966e+09,4.488133813380695187e+02
1.601464721885699987e+09,4.487935764449588305e+02
1.601464721975699902e+09,4.487733200503873263e+02
1.601464722212399960e+09,4.487526412834815233e+02
1.601464722212899923e+09,4.487315692733678816e+02
1.601464722305599928e+09,4.487101331491729184e+02
1.601464722425699949e+09,4.486883620400232076e+02
1.601464722515599966e+09,4.486818866352011810e+02
1.601464722724200010e+09,4.486610330935363322e+02
1.601464722725699902e+09,4.486399610834227474e+02
1.601464722845700026e+09,4.486186997339868867e+02
1.601464722965600014e+09,4.485972781743550399e+02
1.601464723055599928e+09,4.485757255336542357e+02
1.601464723261300087e+09,4.485540709410104228e+02
1.601464723265599966e+09,4.485323435255504592e+02
1.601464723385600090e+09,4.485247029556681468e+02
1.601464723505599976e+09,4.485014753901932067e+02
1.601464723595599890e+09,4.484782915184079570e+02
1.601464723831899881e+09,4.484693110087065975e+02
1.601464723835599899e+09,4.484589905591857928e+02
1.601464723925699949e+09,4.484332578888315197e+02
1.601464724045700073e+09,4.484218742261933812e+02
1.601464724135600090e+09,4.483951657301010982e+02
1.601464724255700111e+09,4.483828936291045579e+02
1.601464724430000067e+09,4.483695146213008798e+02
1.601464724465600014e+09,4.483550869649429842e+02
1.601464724585599899e+09,4.483396689182839623e+02
1.601464724675800085e+09,4.483233187395767345e+02
1.601464724795599937e+09,4.483060946870744488e+02
1.601464724977799892e+09,4.482880550190299687e+02
1.601464725005599976e+09,4.482692579936963853e+02
1.601464725125699997e+09,4.482497618693267327e+02
1.601464725215600014e+09,4.482296249041738179e+02
1.601464725335599899e+09,4.482089053564909022e+02
1.601464725541699886e+09,4.481876614845309064e+02
1.601464725545599937e+09,4.481659515465468644e+02
1.601464725665699959e+09,4.481438338007916968e+02
1.601464725785599947e+09,4.481213665055184379e+02
1.601464725875600100e+09,4.480986079189801217e+02
1.601464726084199905e+09,4.480756162994298961e+02
1.601464726085599899e+09,4.480524499051205680e+02
1.601464726205699921e+09,4.480291669943051716e+02
1.601464726325599909e+09,4.480058258252368546e+02
1.601464726415600061e+09,4.479824846561685376e+02
1.601464726654299974e+09,4.479592017453531412e+02
1.601464726654900074e+09,4.479360353510438131e+02
1.601464726745599985e+09,4.479130437314934738e+02
1.601464726865600109e+09,4.478902851449552713e+02
1.601464726955699921e+09,4.478678178496820124e+02
1.601464727193399906e+09,4.478457001039268448e+02
1.601464727194000006e+09,4.478239901659428028e+02
1.601464727285599947e+09,4.478027462939828069e+02
1.601464727405699968e+09,4.477820267462998913e+02
1.601464727495699883e+09,4.477618897811470902e+02
1.601464727615600109e+09,4.477423936567773239e+02
1.601464727791699886e+09,4.477235966314437405e+02
1.601464727825700045e+09,4.477055569633992604e+02
1.601464727945600033e+09,4.476883329108969178e+02
1.601464728035599947e+09,4.476719827321897469e+02
1.601464728155699968e+09,4.476565646855306682e+02
1.601464728363699913e+09,4.476421370291727726e+02
1.601464728365499973e+09,4.476287580213691513e+02
1.601464728485599995e+09,4.476008843602165257e+02
1.601464728575599909e+09,4.475882772742652378e+02
1.601464728695600033e+09,4.475768644825006390e+02
1.601464728903700113e+09,4.475511026830197352e+02
1.601464728905600071e+09,4.475251515442165555e+02
1.601464729025599957e+09,4.474990401952175603e+02
1.601464729115600109e+09,4.474883993253052950e+02
1.601464729235599995e+09,4.474635550933093100e+02
1.601464729473000050e+09,4.474542687277795494e+02
1.601464729473599911e+09,4.474308663875455068e+02
1.601464729565599918e+09,4.474231093011572398e+02
1.601464729655600071e+09,4.474013236274442988e+02
1.601464729775599957e+09,4.473796690348005995e+02
1.601464730013099909e+09,4.473581746523526022e+02
1.601464730013600111e+09,4.473368696092269374e+02
1.601464730105600119e+09,4.473157830345500656e+02
1.601464730225600004e+09,4.472949440574485038e+02
1.601464730315599918e+09,4.472743818070487123e+02
1.601464730552599907e+09,4.472541254124772081e+02
1.601464730553100109e+09,4.472342040028605084e+02
1.601464730645600080e+09,4.472146467073251870e+02
1.601464730765599966e+09,4.471954826549975905e+02
1.601464730855600119e+09,4.471767409750044067e+02
1.601464730975600004e+09,4.471584507964719251e+02
1.601464731150899887e+09,4.471406412485268334e+02
1.601464731185499907e+09,4.471233414602955918e+02
1.601464731305599928e+09,4.471065805609047175e+02
1.601464731395600080e+09,4.470903876794806138e+02
1.601464731515599966e+09,4.470747919451499115e+02
1.601464731722399950e+09,4.470598224870390709e+02
1.601464731725699902e+09,4.470455084342745522e+02
1.601464731845499992e+09,4.470318789159829294e+02
1.601464731935600042e+09,4.470189630612906626e+02
1.601464732055700064e+09,4.470067899993242690e+02
1.601464732260999918e+09,4.469953888592102658e+02
1.601464732265500069e+09,4.469847887700751699e+02
1.601464732385499954e+09,4.469750188610453847e+02
1.601464732475500107e+09,4.469661082612475411e+02
1.601464732595499992e+09,4.469580860998080993e+02
1.601464732832099915e+09,4.469509815058535764e+02
1.601464732832600117e+09,4.469448236085104327e+02
1.601464732925499916e+09,4.469396415369052420e+02
1.601464733015500069e+09,4.469354644201644646e+02
1.601464733135499954e+09,4.469323213874145608e+02
1.601464733369800091e+09,4.469302415677821045e+02
1.601464733370300055e+09,4.469292540903936128e+02
1.601464733465500116e+09,4.469293880843755460e+02
1.601464733555599928e+09,4.469306726788543642e+02
1.601464733675499916e+09,4.469331370029566983e+02
1.601464733795500040e+09,4.469368101858089517e+02
1.601464733940399885e+09,4.469417213565376983e+02
1.601464734005500078e+09,4.469478996442693983e+02
1.601464734095499992e+09,4.469553741781305121e+02
1.601464734215600014e+09,4.469641740872476703e+02
1.601464734335700035e+09,4.469587269405912480e+02
1.601464734541800022e+09,4.469687648375848426e+02
1.601464734545500040e+09,4.469801863680874021e+02
1.601464734665499926e+09,4.469774191010694153e+02
1.601464734755500078e+09,4.469745935757984512e+02
1.601464734875499964e+09,4.469873113524304813e+02
1.601464734965600014e+09,4.469858694606684821e+02
1.601464735140799999e+09,4.469999999999359943e+02
1.601464735205499887e+09,4.469999999999359943e+02
1.601464735295500040e+09,4.469999999999359943e+02
1.601464735415499926e+09,4.469999999999359943e+02
1.601464735505599976e+09,4.469999999999359943e+02
1.601464735652400017e+09,4.469999999999359943e+02
1.601464735746599913e+09,4.470141305392035065e+02
1.601464735835500002e+09,4.470126886474415073e+02
1.601464735955499887e+09,4.470254064240735374e+02
1.601464736045500040e+09,4.470225808988025733e+02
1.601464736190399885e+09,4.470198136317846433e+02
1.601464736285500050e+09,4.470312351622872029e+02
1.601464736375499964e+09,4.470412730592807407e+02
1.601464736495599985e+09,4.470499564518918874e+02
1.601464736615700006e+09,4.470573144692469896e+02
1.601464736761699915e+09,4.470633762404726781e+02
1.601464736825500011e+09,4.470681708946953563e+02
1.601464736915499926e+09,4.470717275610415982e+02
1.601464737035500050e+09,4.470740753686379207e+02
1.601464737155499935e+09,4.470752434466107275e+02
1.601464737300400019e+09,4.470752609240866491e+02
1.601464737365499973e+09,4.470741569301921459e+02
1.601464737455499887e+09,4.470719605940536781e+02
1.601464737579799891e+09,4.470687010447977627e+02
1.601464737695499897e+09,4.470644074115509738e+02
1.601464737901599884e+09,4.470449782841722026e+02
1.601464737905499935e+09,4.470401457620850465e+02
1.601464737995500088e+09,4.470343374142599373e+02
1.601464738115499973e+09,4.470275823698234490e+02
1.601464738235500097e+09,4.470199097579020986e+02
1.601464738441699982e+09,4.470113487076222896e+02
1.601464738445400000e+09,4.470019283481106527e+02
1.601464738535500050e+09,4.469916778084935913e+02
1.601464738655400038e+09,4.469806262178976226e+02
1.601464738775500059e+09,4.469688027054492636e+02
1.601464738865499973e+09,4.469562364002750314e+02
1.601464739018300056e+09,4.469429564315015000e+02
1.601464739105499983e+09,4.469289919282550727e+02
1.601464739195499897e+09,4.469143720196622667e+02
1.601464739315599918e+09,4.468991258348495990e+02
1.601464739405499935e+09,4.468832825029435867e+02
1.601464739552500010e+09,4.468668711530707469e+02
1.601464739645499945e+09,4.468499209143575399e+02
1.601464739735399961e+09,4.468324609159305396e+02
1.601464739855499983e+09,4.468145202869161494e+02
1.601464739945499897e+09,4.467961281564410001e+02
1.601464740128700018e+09,4.467773136536314951e+02
1.601464740185499907e+09,4.467581059076141514e+02
1.601464740275399923e+09,4.467385340475155431e+02
1.601464740395499945e+09,4.467186272024620166e+02
1.601464740485500097e+09,4.466984145015804302e+02
1.601464740670700073e+09,4.466779250739967893e+02
1.601464740725500107e+09,4.466571880488379520e+02
1.601464740815399885e+09,4.466362325552303787e+02
1.601464740935499907e+09,4.466150877223003590e+02
1.601464741055599928e+09,4.465796521399072390e+02
1.601464741145699978e+09,4.465455273682068196e+02
1.601464741300899982e+09,4.464985828679314750e+02
1.601464741355499983e+09,4.464543910701109439e+02
1.601464741475500107e+09,4.464129228456186524e+02
1.601464741595499992e+09,4.463741490653280266e+02
1.601464741685400009e+09,4.463380406001125493e+02
1.601464741832299948e+09,4.463045683208457035e+02
1.601464741895400047e+09,4.462737030984012563e+02
1.601464742015399933e+09,4.462454158036523495e+02
1.601464742135499954e+09,4.462196773074726366e+02
1.601464742225500107e+09,4.461964584807355436e+02
1.601464742370399952e+09,4.461898607335822362e+02
1.601464742435400009e+09,4.461701519665891169e+02
1.601464742555500031e+09,4.461670351500530955e+02
1.601464742675499916e+09,4.461649087238182005e+02
1.601464742765399933e+09,4.461637726878844319e+02
1.601464742939599991e+09,4.461636270422519601e+02
1.601464742975399971e+09,4.461644717869206147e+02
1.601464743095400095e+09,4.461663069218904525e+02
1.601464743215399981e+09,4.461691324471613598e+02
1.601464743305399895e+09,4.461729483627335071e+02
1.601464743512900114e+09,4.461777546686068376e+02
1.601464743545399904e+09,4.461835513647813514e+02
1.601464743635400057e+09,4.461903384512568778e+02
1.601464743755399942e+09,4.461981159280337010e+02
1.601464743845400095e+09,4.462068837951116507e+02
1.601464744052700043e+09,4.462166420524907835e+02
1.601464744085500002e+09,4.462273907001711564e+02
1.601464744175499916e+09,4.462391297381526556e+02
1.601464744295500040e+09,4.462518591664352243e+02
1.601464744385499954e+09,4.462655789850190331e+02
1.601464744505500078e+09,4.462802891939039682e+02
1.601464744653599977e+09,4.462959897930901434e+02
1.601464744715399981e+09,4.463126807825774449e+02
1.601464744835400105e+09,4.463303621623658728e+02
1.601464744925400019e+09,4.463490339324555407e+02
1.601464745045399904e+09,4.463686960928463350e+02
1.601464745191099882e+09,4.463893486435382556e+02
1.601464745255399942e+09,4.464109915845314163e+02
1.601464745375400066e+09,4.464336249158257033e+02
1.601464745495500088e+09,4.464572486374212303e+02
1.601464745585400105e+09,4.464818627493178269e+02
1.601464745734299898e+09,4.465074672515156067e+02
1.601464745795399904e+09,4.465340621440145696e+02
1.601464745915400028e+09,4.465616474268146590e+02
1.601464746035500050e+09,4.465902230999159315e+02
1.601464746125499964e+09,4.466197891633183872e+02
1.601464746300299883e+09,4.466503456170219692e+02
1.601464746335400105e+09,4.466818924610267914e+02
1.601464746455499887e+09,4.467144296953327398e+02
1.601464746575400114e+09,4.467479573199398715e+02
1.601464746665400028e+09,4.467668737746921011e+02
1.601464746841399908e+09,4.468150125691541348e+02
1.601464746875299931e+09,4.468329386336052949e+02
1.601464746995300055e+09,4.468659564984984627e+02
1.601464747115400076e+09,4.468999356245664103e+02
1.601464747205399990e+09,4.469334049909204509e+02
1.601464747414200068e+09,4.469648935766723525e+02
1.601464747445499897e+09,4.469944013818217741e+02
1.601464747535399914e+09,4.470219284063688292e+02
1.601464747655400038e+09,4.470333441110460058e+02
1.601464747745399952e+09,4.470442209268829288e+02
1.601464747865600109e+09,4.470686602640205365e+02
1.601464748011399984e+09,4.470769300230352883e+02
1.601464748075299978e+09,4.470987331742242077e+02
1.601464748195499897e+09,4.471184681574312663e+02
1.601464748285399914e+09,4.471361349726564640e+02
1.601464748405499935e+09,4.471517336198998009e+02
1.601464748552400112e+09,4.471652640991613339e+02
1.601464748615400076e+09,4.471767264104410629e+02
1.601464748735399961e+09,4.472017221138949026e+02
1.601464748825400114e+09,4.472105482392258864e+02
1.601464748948100090e+09,4.472173353257015265e+02
1.601464749121599913e+09,4.472220833733218228e+02
1.601464749155400038e+09,4.472247923820867754e+02
1.601464749275399923e+09,4.472254623519964412e+02
1.601464749365400076e+09,4.472240932830506495e+02
1.601464749485399961e+09,4.472206851752496277e+02
1.601464749662600040e+09,4.472152380285932054e+02
1.601464749695400000e+09,4.472077518430814393e+02
1.601464749815399885e+09,4.471982266187143296e+02
1.601464749935400009e+09,4.471866623554918760e+02
1.601464750025399923e+09,4.471730590534141356e+02
1.601464750235599995e+09,4.471574167124809946e+02
1.601464750236200094e+09,4.471397353326925668e+02
1.601464750355400085e+09,4.471200149140487383e+02
1.601464750475300074e+09,4.470982554565496230e+02
1.601464750565399885e+09,4.470744569601951071e+02
1.601464750771800041e+09,4.470486194249853042e+02
1.601464750775300026e+09,4.470207428509201009e+02
1.601464750895400047e+09,4.469908272379996106e+02
1.601464751015300035e+09,4.469588725862237766e+02
1.601464751106499910e+09,4.469248788955925420e+02
1.601464751225500107e+09,4.468888461661059637e+02
1.601464751372600079e+09,4.468507743977641553e+02
1.601464751435300112e+09,4.468106635905668895e+02
1.601464751555399895e+09,4.467685137445143937e+02
1.601464751645299911e+09,4.467243248596064404e+02
1.601464751765399933e+09,4.466780969358431435e+02
1.601464751941600084e+09,4.466298299732246164e+02
1.601464751975300074e+09,4.465951255319066604e+02
1.601464752095299959e+09,4.465598822017484508e+02
1.601464752185300112e+09,4.465397306720322490e+02
1.601464752305399895e+09,4.465205986617439748e+02
1.601464752482599974e+09,4.465025444291362646e+02
1.601464752515199900e+09,4.464856262324620957e+02
1.601464752635299921e+09,4.464699023299748433e+02
1.601464752725300074e+09,4.464554309799272573e+02
1.601464752845400095e+09,4.464422704405723152e+02
1.601464753019700050e+09,4.464304789701631648e+02
1.601464753055299997e+09,4.464201148269527835e+02
1.601464753175299883e+09,4.464112362691940348e+02
1.601464753265300035e+09,4.463882999949840382e+02
1.601464753385400057e+09,4.463810672328729083e+02
1.601464753602299929e+09,4.463598641416900250e+02
1.601464753602900028e+09,4.463388503898293607e+02
1.601464753715300083e+09,4.463180551064175461e+02
1.601464753835299969e+09,4.462975074205809278e+02
1.601464753925400019e+09,4.462772364614462504e+02
1.601464754130800009e+09,4.462572713581398602e+02
1.601464754136399984e+09,4.462376412397882177e+02
1.601464754255199909e+09,4.462183752355178967e+02
1.601464754375299931e+09,4.461995024744553575e+02
1.601464754495300055e+09,4.461810520857271740e+02
1.601464754585400105e+09,4.461630531984598065e+02
1.601464754732399940e+09,4.461455349417797152e+02
1.601464754795300007e+09,4.461285264448135877e+02
1.601464754915299892e+09,4.461120568366877706e+02
1.601464755005300045e+09,4.460961552465287241e+02
1.601464755125400066e+09,4.460808508034630222e+02
1.601464755331300020e+09,4.460803031758847510e+02
1.601464755335200071e+09,4.460648385226232904e+02
1.601464755455300093e+09,4.460500875329612427e+02
1.601464755545300007e+09,4.460360793360250682e+02
1.601464755665400028e+09,4.460369736002087393e+02
1.601464755839400053e+09,4.460230964843418633e+02
1.601464755875299931e+09,4.460100786777068151e+02
1.601464755995399952e+09,4.459979493094301688e+02
1.601464756085299969e+09,4.460008680479058967e+02
1.601464756205399990e+09,4.460032915912311182e+02
1.601464756410900116e+09,4.460052781976587539e+02
1.601464756415199995e+09,4.459927555861743258e+02
1.601464756535300016e+09,4.459954849853278347e+02
1.601464756625400066e+09,4.459837925539487742e+02
1.601464756745300055e+09,4.459874395205871451e+02
1.601464756951999903e+09,4.459908825833400670e+02
1.601464756955300093e+09,4.459941800004604602e+02
1.601464757075299978e+09,4.459832594909337331e+02
1.601464757165299892e+09,4.459878822833101140e+02
1.601464757285300016e+09,4.459925050756863811e+02
1.601464757405499935e+09,4.459971861263156825e+02
1.601464757550600052e+09,4.459878531541835400e+02
1.601464757615299940e+09,4.459942673878399546e+02
1.601464757705300093e+09,4.459852839652257899e+02
1.601464757825400114e+09,4.459906641148912740e+02
1.601464757945300102e+09,4.459963355558218154e+02
1.601464758120500088e+09,4.460023565462703345e+02
1.601464758155200005e+09,4.459931837843339508e+02
1.601464758275300026e+09,4.459829769384066367e+02
1.601464758365299940e+09,4.459576345983473402e+02
1.601464758485300064e+09,4.459468888635797157e+02
1.601464758661600113e+09,4.459507688632302234e+02
1.601464758695300102e+09,4.459552023162842715e+02
1.601464758815299988e+09,4.459446459208388660e+02
1.601464758905299902e+09,4.459488609054441213e+02
1.601464759025399923e+09,4.459381734289295309e+02
1.601464759233299971e+09,4.459267431596889537e+02
1.601464759235199928e+09,4.459145992268490772e+02
1.601464759355400085e+09,4.459017707595363618e+02
1.601464759445199966e+09,4.458882868868772675e+02
1.601464759565299988e+09,4.458741767379982548e+02
1.601464759771899939e+09,4.458594694420260112e+02
1.601464759775199890e+09,4.458441941280867695e+02
1.601464759895200014e+09,4.458283799253073312e+02
1.601464759985300064e+09,4.458120559628139290e+02
1.601464760105400085e+09,4.457952513697332506e+02
1.601464760313999891e+09,4.457779952751918131e+02
1.601464760315299988e+09,4.457603168083159062e+02
1.601464760435300112e+09,4.457422450982322744e+02
1.601464760525300026e+09,4.457238092740673778e+02
1.601464760645299911e+09,4.457050384649477337e+02
1.601464760883899927e+09,4.456859617999996317e+02
1.601464760884399891e+09,4.456666084083497026e+02
1.601464760975300074e+09,4.456470074191245772e+02
1.601464761065200090e+09,4.456271879614507156e+02
1.601464761185400009e+09,4.456071791644545215e+02
1.601464761305299997e+09,4.455870101572625117e+02
1.601464761482500076e+09,4.455667100690012603e+02
1.601464761515300035e+09,4.455463080287972844e+02
1.601464761605299950e+09,4.455258331657769872e+02
1.601464761725300074e+09,4.455053146090669429e+02
1.601464761845400095e+09,4.454847814877936685e+02
1.601464762022799969e+09,4.454642629310835673e+02
1.601464762055200100e+09,4.454437880680633270e+02
1.601464762145200014e+09,4.454233860278593511e+02
1.601464762265300035e+09,4.454030859395980997e+02
1.601464762385299921e+09,4.453829169324061468e+02
1.601464762475399971e+09,4.453629081354098957e+02
1.601464762622499943e+09,4.453430886777359774e+02
1.601464762715199947e+09,4.453234876885108520e+02
1.601464762805200100e+09,4.453041342968610365e+02
1.601464762925400019e+09,4.452850576319130482e+02
1.601464763134000063e+09,4.452662868227931767e+02
1.601464763135200024e+09,4.452478509986283370e+02
1.601464763255300045e+09,4.452297792885445915e+02
1.601464763345299959e+09,4.452121008216688551e+02
1.601464763465300083e+09,4.451948447271274176e+02
1.601464763555299997e+09,4.451780401340466824e+02
1.601464763704200029e+09,4.451617161715533371e+02
1.601464763795200109e+09,4.451459019687738987e+02
1.601464763885299921e+09,4.451306266548347708e+02
1.601464764035300016e+09,4.451159193588624134e+02
1.601464764095400095e+09,4.451159397492509697e+02
1.601464764241499901e+09,4.451151445240973885e+02
1.601464764335299969e+09,4.451135919416545903e+02
1.601464764425299883e+09,4.451113402601758366e+02
1.601464764545300007e+09,4.450943171986464222e+02
1.601464764665400028e+09,4.450781534463488356e+02
1.601464764842099905e+09,4.450770086716772198e+02
1.601464764875200033e+09,4.450753395727284669e+02
1.601464764965199947e+09,4.450732044077556679e+02
1.601464765085200071e+09,4.450706614350118002e+02
1.601464765205300093e+09,4.450677689127498979e+02
1.601464765414000034e+09,4.450645850992228816e+02
1.601464765415199995e+09,4.450470377134163300e+02
1.601464765505199909e+09,4.450448879838803009e+02
1.601464765625200033e+09,4.450425926087116295e+02
1.601464765745300055e+09,4.450402098461636342e+02
1.601464765961899996e+09,4.450377979544890081e+02
1.601464765962399960e+09,4.450354151919408991e+02
1.601464766045200109e+09,4.450331198167723414e+02
1.601464766165199995e+09,4.450153685270802271e+02
1.601464766285300016e+09,4.450119225514147274e+02
1.601464766375200033e+09,4.450087096087612508e+02
1.601464766530200005e+09,4.450057879573727746e+02
1.601464766585400105e+09,4.449876142953464182e+02
1.601464766705199957e+09,4.449839498512320688e+02
1.601464766825200081e+09,4.449807223440153621e+02
1.601464766915199995e+09,4.449779900319491617e+02
1.601464767068200111e+09,4.449602096131305871e+02
1.601464767155200005e+09,4.449415407559536106e+02
1.601464767245199919e+09,4.449220125895447495e+02
1.601464767365299940e+09,4.449172558031864924e+02
1.601464767455300093e+09,4.448975965557083896e+02
1.601464767609299898e+09,4.448927960756603852e+02
1.601464767695199966e+09,4.448731805218719728e+02
1.601464767785200119e+09,4.448529095627371817e+02
1.601464767905200005e+09,4.448320123273825857e+02
1.601464767995399952e+09,4.448261195050906167e+02
1.601464768205199957e+09,4.448055572546908820e+02
1.601464768235199928e+09,4.447844852445772403e+02
1.601464768325299978e+09,4.447629326038762656e+02
1.601464768445199966e+09,4.447565300218705033e+02
1.601464768535200119e+09,4.447356036573894471e+02
1.601464768773200035e+09,4.447143131788270125e+02
1.601464768775199890e+09,4.446926877153098303e+02
1.601464768865200043e+09,4.446707563959643039e+02
1.601464768985300064e+09,4.446485483499168936e+02
1.601464769105299950e+09,4.446260927062942869e+02
1.601464769311500072e+09,4.446034185942229442e+02
1.601464769315399885e+09,4.445961567029852404e+02
1.601464769405200005e+09,4.445746331914107827e+02
1.601464769525199890e+09,4.445530077278936005e+02
1.601464769645200014e+09,4.445313094415600972e+02
1.601464769735199928e+09,4.445095674615368466e+02
1.601464769880199909e+09,4.444878109169503091e+02
1.601464769945199966e+09,4.444660689369270585e+02
1.601464770065299988e+09,4.444443706505935552e+02
1.601464770186300039e+09,4.444227451870763730e+02
1.601464770275300026e+09,4.444012216755019722e+02
1.601464770420300007e+09,4.443798292449967562e+02
1.601464770485199928e+09,4.443585970246873558e+02
1.601464770605200052e+09,4.443375541437002312e+02
1.601464770725300074e+09,4.443167297311618427e+02
1.601464770815299988e+09,4.442961529161987642e+02
1.601464770990600109e+09,4.442758528279375696e+02
1.601464771025199890e+09,4.442558585955046624e+02
1.601464771145200014e+09,4.442361993480265028e+02
1.601464771265199900e+09,4.442169042146296647e+02
1.601464771355200052e+09,4.441980023244406652e+02
1.601464771591900110e+09,4.441795228065859078e+02
1.601464771595200062e+09,4.441614947901920232e+02
1.601464771685199976e+09,4.441439474043855284e+02
1.601464771805200100e+09,4.441269097782928270e+02
1.601464771895900011e+09,4.441104110410404360e+02
1.601464772132900000e+09,4.440944803217549293e+02
1.601464772135099888e+09,4.440791467495627671e+02
1.601464772225199938e+09,4.440785699928579788e+02
1.601464772345200062e+09,4.440630762104700011e+02
1.601464772435199976e+09,4.440482960916814363e+02
1.601464772555299997e+09,4.440342587656187447e+02
1.601464772702199936e+09,4.440209933614084434e+02
1.601464772765199900e+09,4.440085290081769926e+02
1.601464772885099888e+09,4.439968948350509095e+02
1.601464772975199938e+09,4.440002505104242800e+02
1.601464773095299959e+09,4.439889221931265411e+02
1.601464773240200043e+09,4.439926711117076934e+02
1.601464773305099964e+09,4.439818234249972875e+02
1.601464773425199986e+09,4.439720098222778120e+02
1.601464773545300007e+09,4.439632594326757271e+02
1.601464773635299921e+09,4.439697319245851190e+02
1.601464773809400082e+09,4.439617534568354245e+02
1.601464773845099926e+09,4.439549547187091889e+02
1.601464773965199947e+09,4.439493648393329295e+02
1.601464774085099936e+09,4.439591434871006186e+02
1.601464774175199986e+09,4.439687473601092620e+02
1.601464774349999905e+09,4.439782347166118939e+02
1.601464774385200024e+09,4.439876638148615484e+02
1.601464774505199909e+09,4.439829623738436339e+02
1.601464774625200033e+09,4.439938916221082650e+02
1.601464774715199947e+09,4.440049082577524473e+02
1.601464774952500105e+09,4.440160705390291014e+02
1.601464774953000069e+09,4.440274367241913183e+02
1.601464775045200109e+09,4.440234635113360468e+02
1.601464775165199995e+09,4.440183105688573164e+02
1.601464775255300045e+09,4.440120070258817009e+02
1.601464775375200033e+09,4.440045820115355468e+02
1.601464775522099972e+09,4.440116662151015703e+02
1.601464775585200071e+09,4.440191873555651227e+02
1.601464775735199928e+09,4.440116021310232099e+02
1.601464775795799971e+09,4.440030702098699749e+02
1.601464775915199995e+09,4.439936207212317640e+02
1.601464776062200069e+09,4.439832827942351514e+02
1.601464776125200033e+09,4.439720855580067109e+02
1.601464776245100021e+09,4.439600581416728460e+02
1.601464776335099936e+09,4.439628312345161021e+02
1.601464776455199957e+09,4.439507309953659728e+02
1.601464776602099895e+09,4.439379170926164875e+02
1.601464776695300102e+09,4.439244186553941631e+02
1.601464776785099983e+09,4.439102648128253463e+02
1.601464776875200033e+09,4.438954846940368384e+02
1.601464776995199919e+09,4.438801074281548154e+02
1.601464777171400070e+09,4.438641621443061354e+02
1.601464777205100060e+09,4.438476779716170313e+02
1.601464777325299978e+09,4.438306840392141339e+02
1.601464777415199995e+09,4.438132094762238467e+02
1.601464777535200119e+09,4.437952834117726297e+02
1.601464777775099993e+09,4.437769349749872845e+02
1.601464777775700092e+09,4.437581932949939869e+02
1.601464777865200043e+09,4.437390875009195952e+02
1.601464777985100031e+09,4.437196467218901716e+02
1.601464778075200081e+09,4.436999000870325744e+02
1.601464778311000109e+09,4.436798767254730365e+02
1.601464778311599970e+09,4.436596057663381885e+02
1.601464778405100107e+09,4.436391163387547181e+02
1.601464778525099993e+09,4.436184375718489150e+02
1.601464778615200043e+09,4.435975985947473532e+02
1.601464778735199928e+09,4.435766285365764929e+02
1.601464778880100012e+09,4.435555565264628513e+02
1.601464778945100069e+09,4.435344116935329453e+02
1.601464779065099955e+09,4.435132231669133489e+02
1.601464779155100107e+09,4.434920200757304087e+02
1.601464779275199890e+09,4.434708315491107555e+02
1.601464779422100067e+09,4.434496867161807927e+02
1.601464779485100031e+09,4.434286147060672647e+02
1.601464779605099916e+09,4.434076446478963476e+02
1.601464779695100069e+09,4.433868056707948995e+02
1.601464779815200090e+09,4.433661269038889827e+02
1.601464779992399931e+09,4.433456374763055123e+02
1.601464780055099964e+09,4.433253665171706643e+02
1.601464780145100117e+09,4.433053431556112969e+02
1.601464780235100031e+09,4.432855965207535860e+02
1.601464780355099916e+09,4.432661557417242193e+02
1.601464780532299995e+09,4.432470499476496570e+02
1.601464780565200090e+09,4.432283082676564163e+02
1.601464780685899973e+09,4.432099598308710711e+02
1.601464780775199890e+09,4.431920337664199110e+02
1.601464780895200014e+09,4.431745592034296237e+02
1.601464781102400064e+09,4.431575652710266695e+02
1.601464781134999990e+09,4.431410810983375654e+02
1.601464781225100040e+09,4.431251358144888286e+02
1.601464781315200090e+09,4.431097585486068624e+02
1.601464781435100079e+09,4.430949784298182976e+02
1.601464781555200100e+09,4.430808245872495945e+02
1.601464781702100039e+09,4.430673261500272133e+02
1.601464781765199900e+09,4.430545122472777280e+02
1.601464781885099888e+09,4.430424120081275987e+02
1.601464781975100040e+09,4.430310545617033426e+02
1.601464782095400095e+09,4.430204690371314769e+02
1.601464782249599934e+09,4.430106845635385184e+02
1.601464782305099964e+09,4.430017302700508708e+02
1.601464782425100088e+09,4.429936352857951647e+02
1.601464782515100002e+09,4.429864287398978604e+02
1.601464782635099888e+09,4.429801397614854750e+02
1.601464782782000065e+09,4.429747974796844687e+02
1.601464782845099926e+09,4.429704310236214155e+02
1.601464782965100050e+09,4.429670695224227188e+02
1.601464783055099964e+09,4.429647421052150094e+02
1.601464783175199986e+09,4.429478763409686621e+02
1.601464783352400064e+09,4.429320737898397624e+02
1.601464783385099888e+09,4.429188054727167696e+02
1.601464783505100012e+09,4.428939408503322284e+02
1.601464783595200062e+09,4.428730523537155932e+02
1.601464783715199947e+09,4.428561108537403470e+02
1.601464783892400026e+09,4.428430872212799727e+02
1.601464783925100088e+09,4.428183507670520385e+02
1.601464784045099974e+09,4.428257058714945629e+02
1.601464784135099888e+09,4.428198188750279201e+02
1.601464784255199909e+09,4.428303927479491904e+02
1.601464784463900089e+09,4.428432969509908617e+02
1.601464784465100050e+09,4.428585314841528771e+02
1.601464784585099936e+09,4.428604947872793218e+02
1.601464784675100088e+09,4.428788898306671626e+02
1.601464784795200109e+09,4.428995860750488873e+02
1.601464784915299892e+09,4.429225835204244390e+02
1.601464785469399929e+09,4.429322806066379599e+02
1.601464785470000029e+09,4.429427787438303312e+02
1.601464785483400106e+09,4.429540488028750360e+02
1.601464785495699883e+09,4.429660616546456708e+02
1.601464785508399963e+09,4.429943897301716333e+02
1.601464786032299995e+09,4.430093009300294966e+02
1.601464786032900095e+09,4.430248966643601989e+02
1.601464786034300089e+09,4.430411478040372799e+02
1.601464786036299944e+09,4.430580252199342226e+02
1.601464786038300037e+09,4.430754997829245099e+02
1.601464786178499937e+09,4.430935423638816246e+02
1.601464786205100060e+09,4.431121238336790498e+02
1.601464786325099945e+09,4.431312150631903819e+02
1.601464786415100098e+09,4.431507869232889902e+02
1.601464786535200119e+09,4.431708102848484145e+02
1.601464786713299990e+09,4.432053865580097067e+02
1.601464786745100021e+09,4.432389141826168384e+02
1.601464786865299940e+09,4.432713931586697527e+02
1.601464786955199957e+09,4.432886929469010511e+02
1.601464787075200081e+09,4.433205165176076434e+02
1.601464787283900023e+09,4.433371317713659892e+02
1.601464787285099983e+09,4.433682416784732254e+02
1.601464787405100107e+09,4.433841141395056979e+02
1.601464787495100021e+09,4.434144521247605439e+02
1.601464787615099907e+09,4.434295235348141659e+02
1.601464787705100060e+09,4.434590313399636443e+02
1.601464787851999998e+09,4.434873739800528938e+02
1.601464787945100069e+09,4.435145514550819144e+02
1.601464788035099983e+09,4.435405637650508197e+02
1.601464788155100107e+09,4.435654109099594962e+02
1.601464788245100021e+09,4.435890928898080006e+02
1.601464788421299934e+09,4.436116097045962192e+02
1.601464788485100031e+09,4.436329613543243227e+02
1.601464788575099945e+09,4.436531478389921404e+02
1.601464788695100069e+09,4.436721691585997860e+02
1.601464788815200090e+09,4.436900253131472596e+02
1.601464788992000103e+09,4.437067163026345611e+02
1.601464789025000095e+09,4.437222421270616906e+02
1.601464789115000010e+09,4.437366027864285911e+02
1.601464789235800028e+09,4.437497982807352628e+02
1.601464789355200052e+09,4.437618286099818192e+02
1.601464789564100027e+09,4.437726937741681468e+02
1.601464789565000057e+09,4.437823937732943023e+02
1.601464789655100107e+09,4.437909286073601720e+02
1.601464789775099993e+09,4.437982982763658697e+02
1.601464789895100117e+09,4.438045027803114522e+02
1.601464790072400093e+09,4.438095421191968626e+02
1.601464790105000019e+09,4.438134162930220441e+02
1.601464790195100069e+09,4.438161253017869399e+02
1.601464790315200090e+09,4.438176691454917773e+02
1.601464790435100079e+09,4.438180478241362721e+02
1.601464790642699957e+09,4.438172613377206517e+02
1.601464790645100117e+09,4.438153096862448024e+02
1.601464790765100002e+09,4.438121928697087810e+02
1.601464790855700016e+09,4.438079108881125308e+02
1.601464790976200104e+09,4.438024637414561084e+02
1.601464791186800003e+09,4.437958514297395709e+02
1.601464791187299967e+09,4.437880739529626908e+02
1.601464791305000067e+09,4.437791313111256954e+02
1.601464791395100117e+09,4.437690235042284144e+02
1.601464791515100002e+09,4.437577505322711886e+02
1.601464791605099916e+09,4.437453123952535066e+02
1.601464791790199995e+09,4.437317090931758230e+02
1.601464791846100092e+09,4.437169406260377968e+02
1.601464791934999943e+09,4.437010069938397692e+02
1.601464792055000067e+09,4.436839081965812284e+02
1.601464792145100117e+09,4.436656442342627997e+02
1.601464792361700058e+09,4.436462151068839148e+02
1.601464792384999990e+09,4.436256208144450852e+02
1.601464792474999905e+09,4.436038613569458562e+02
1.601464792595000029e+09,4.435809367343865119e+02
1.601464792715100050e+09,4.435568469467669956e+02
1.601464792896199942e+09,4.435315919940872504e+02
1.601464792925199986e+09,4.435051718763473332e+02
1.601464793015000105e+09,4.434775865935471870e+02
1.601464793134999990e+09,4.434488361456869825e+02
1.601464793255000114e+09,4.434189205327663785e+02
1.601464793461699963e+09,4.433878397547857162e+02
1.601464793464999914e+09,4.433555938117447681e+02
1.601464793585000038e+09,4.433221827036438185e+02
1.601464793674999952e+09,4.432876064304823558e+02
1.601464793795099974e+09,4.432518649922610052e+02
1.601464794001399994e+09,4.432149583889791984e+02
1.601464794005000114e+09,4.431768866206373900e+02
1.601464794095000029e+09,4.431376496872352959e+02
1.601464794214999914e+09,4.431128491489290582e+02
1.601464794335200071e+09,4.430883835955776249e+02
1.601464794425199986e+09,4.430798837164634847e+02
1.601464794570300102e+09,4.430732772305721596e+02
1.601464794634999990e+09,4.430686223961566839e+02
1.601464794755100012e+09,4.430659774714700347e+02
1.601464794875000000e+09,4.430795312540327586e+02
1.601464794965100050e+09,4.430781680109123499e+02
1.601464795172699928e+09,4.430619460003617860e+02
1.601464795204999924e+09,4.430606264509310677e+02
1.601464795295700073e+09,4.430586660607173144e+02
1.601464795414999962e+09,4.430419925487059345e+02
1.601464795505000114e+09,4.430403671434469288e+02
1.601464795713200092e+09,4.430382465430374168e+02
1.601464795744999886e+09,4.430356890057302621e+02
1.601464795835000038e+09,4.430327527897785558e+02
1.601464795954999924e+09,4.430294961534353320e+02
1.601464796045000076e+09,4.430259773549535112e+02
1.601464796291199923e+09,4.430222546525861844e+02
1.601464796291800022e+09,4.430183863045863859e+02
1.601464796374900103e+09,4.430144305692069793e+02
1.601464796494999886e+09,4.430104457047011124e+02
1.601464796585099936e+09,4.430064899693217626e+02
1.601464796826800108e+09,4.430026216213219072e+02
1.601464796827300072e+09,4.429988989189545805e+02
1.601464796914900064e+09,4.429953801204728165e+02
1.601464797035000086e+09,4.429921234841295927e+02
1.601464797154999971e+09,4.429891872681778864e+02
1.601464797363500118e+09,4.429866297308707317e+02
1.601464797365000010e+09,4.429845091304612197e+02
1.601464797454900026e+09,4.429828837252022140e+02
1.601464797575000048e+09,4.429662102131908341e+02
1.601464797694999933e+09,4.429486482628210524e+02
1.601464797785000086e+09,4.429302270032193292e+02
1.601464797930999994e+09,4.429265771236682667e+02
1.601464797994999886e+09,4.429080247829973587e+02
1.601464798115000010e+09,4.429043312097564922e+02
1.601464798234999895e+09,4.428858225627752745e+02
1.601464798325000048e+09,4.428822600706037633e+02
1.601464798531599998e+09,4.428639698920713386e+02
1.601464798535000086e+09,4.428607132557280579e+02
1.601464798654900074e+09,4.428428163204035286e+02
1.601464798774899960e+09,4.428244387544916094e+02
1.601464798864900112e+09,4.428056096871188174e+02
1.601464799071599960e+09,4.427863582474117834e+02
1.601464799106100082e+09,4.427667135644968539e+02
1.601464799194999933e+09,4.427467047675006597e+02
1.601464799315000057e+09,4.427263609855496611e+02
1.601464799404999971e+09,4.427057113477703183e+02
1.601464799641900063e+09,4.426847849832892621e+02
1.601464799645999908e+09,4.426636110212328390e+02
1.601464799734999895e+09,4.426422185907276798e+02
1.601464799855000019e+09,4.426206368209002449e+02
1.601464799944999933e+09,4.425988948408769375e+02
1.601464800183599949e+09,4.425770217797844452e+02
1.601464800184900045e+09,4.425550467667491716e+02
1.601464800274899960e+09,4.425329989308976337e+02
1.601464800394999981e+09,4.425109074013563486e+02
1.601464800484899998e+09,4.424888013072517765e+02
1.601464800605000019e+09,4.424667097777104914e+02
1.601464800753799915e+09,4.424446619418589535e+02
1.601464800814899921e+09,4.424226869288236230e+02
1.601464800936000109e+09,4.424008138677311308e+02
1.601464801025000095e+09,4.423790718877079371e+02
1.601464801144999981e+09,4.423574901178804453e+02
1.601464801292000055e+09,4.423360976873752861e+02
1.601464801354899883e+09,4.423149237253189199e+02
1.601464801474900007e+09,4.422939973608377500e+02
1.601464801595000029e+09,4.422733477230584640e+02
1.601464801684900045e+09,4.422530039411074654e+02
1.601464801892400026e+09,4.422329951441112712e+02
1.601464801894900084e+09,4.422133504611963986e+02
1.601464802014899969e+09,4.421940990214893077e+02
1.601464802134900093e+09,4.421752699541165725e+02
1.601464802224900007e+09,4.421568923882045965e+02
1.601464802463599920e+09,4.421389954528800104e+02
1.601464802464900017e+09,4.421216082772692744e+02
1.601464802555000067e+09,4.421047599904988488e+02
1.601464802674900055e+09,4.420884797216952506e+02
1.601464802764899969e+09,4.420727965999850539e+02
1.601464803003999949e+09,4.420577397544947189e+02
1.601464803004499912e+09,4.420433383143506489e+02
1.601464803094899893e+09,4.420296214086795317e+02
1.601464803214900017e+09,4.420166181666077136e+02
1.601464803305099964e+09,4.420043577172618825e+02
1.601464803424900055e+09,4.419928691897683279e+02
1.601464803599999905e+09,4.419821817132536808e+02
1.601464803634900093e+09,4.419723244168444580e+02
1.601464803784899950e+09,4.419633264296670632e+02
1.601464803844899893e+09,4.419552168808481269e+02
1.601464803964999914e+09,4.419480248995140528e+02
1.601464804108999968e+09,4.419417796147914146e+02
1.601464804174900055e+09,4.419365101558066726e+02
1.601464804294899940e+09,4.419322456516863440e+02
1.601464804384900093e+09,4.419290152315569458e+02
1.601464804504899979e+09,4.419268480245450519e+02
1.601464804651799917e+09,4.419257731597770089e+02
1.601464804714799881e+09,4.419258197663793908e+02
1.601464804834800005e+09,4.419270169734787714e+02
1.601464804924900055e+09,4.419293939102014974e+02
1.601464805044899940e+09,4.419329797056742564e+02
1.601464805251800060e+09,4.419378034890235085e+02
1.601464805254899979e+09,4.419438943893756573e+02
1.601464805374799967e+09,4.419512815358573334e+02
1.601464805464799881e+09,4.419599940575949404e+02
1.601464805584899902e+09,4.419700610837149952e+02
1.601464805821599960e+09,4.419815117433440719e+02
1.601464805822099924e+09,4.419787736054526022e+02
1.601464805914900064e+09,4.419759772093081551e+02
1.601464806034800053e+09,4.419887241150667023e+02
1.601464806124900103e+09,4.419873113524312203e+02
1.601464806362499952e+09,4.419858694606691643e+02
1.601464806362999916e+09,4.419999999999366764e+02
1.601464806454799891e+09,4.419999999999366764e+02
1.601464806574800014e+09,4.419999999999366764e+02
1.601464806664799929e+09,4.419999999999366764e+02
1.601464806784899950e+09,4.419999999999366764e+02
1.601464806929800034e+09,4.419999999999366764e+02
1.601464806994800091e+09,4.419999999999366764e+02
1.601464807114799976e+09,4.419999999999366764e+02
1.601464807204799891e+09,4.419999999999366764e+02
1.601464807324899912e+09,4.419999999999366764e+02
1.601464807470400095e+09,4.419999999999366764e+02
1.601464807534800053e+09,4.419999999999366764e+02
1.601464807654799938e+09,4.419999999999366764e+02
1.601464807744899988e+09,4.419999999999366764e+02
1.601464807864900112e+09,4.419999999999366764e+02
1.601464808039700031e+09,4.419999999999366764e+02
1.601464808074800014e+09,4.419999999999366764e+02
1.601464808194900036e+09,4.419999999999366764e+02
1.601464808284800053e+09,4.419999999999366764e+02
1.601464808434799910e+09,4.419999999999366764e+02
1.601464808643100023e+09,4.419999999999366764e+02
1.601464808643599987e+09,4.419999999999366764e+02
1.601464808734800100e+09,4.419999999999366764e+02
1.601464808824800014e+09,4.419999999999366764e+02
1.601464808944900036e+09,4.419999999999366764e+02
1.601464809183099985e+09,4.419999999999366764e+02
1.601464809183599949e+09,4.419999999999366764e+02
1.601464809274800062e+09,4.419999999999366764e+02
1.601464809364799976e+09,4.419999999999366764e+02
1.601464809484800100e+09,4.419999999999366764e+02
1.601464809604899883e+09,4.419999999999366764e+02
1.601464809753799915e+09,4.419999999999366764e+02
1.601464809814800024e+09,4.419999999999366764e+02
1.601464809904799938e+09,4.419999999999366764e+02
1.601464810024800062e+09,4.419999999999366764e+02
1.601464810144900084e+09,4.419999999999366764e+02
1.601464810299900055e+09,4.419999999999366764e+02
1.601464810354799986e+09,4.419999999999366764e+02
1.601464810474900007e+09,4.419999999999366764e+02
1.601464810564800024e+09,4.419999999999366764e+02
1.601464810684900045e+09,4.419999999999366764e+02
1.601464810860699892e+09,4.419999999999366764e+02
1.601464810894799948e+09,4.419999999999366764e+02
1.601464811014800072e+09,4.419999999999366764e+02
1.601464811104799986e+09,4.419999999999366764e+02
1.601464811224900007e+09,4.419999999999366764e+02
1.601464811402100086e+09,4.419999999999366764e+02
1.601464811434799910e+09,4.419999999999366764e+02
1.601464811554800034e+09,4.419999999999366764e+02
1.601464811644799948e+09,4.420141305392042455e+02
1.601464811764800072e+09,4.420126886474422463e+02
1.601464811854899883e+09,4.420112758848067642e+02
1.601464812001800060e+09,4.420098922512977424e+02
1.601464812094899893e+09,4.420226682861828067e+02
1.601464812184799910e+09,4.420340315584323889e+02
1.601464812304800034e+09,4.420440111971729493e+02
1.601464812543499947e+09,4.420526363315310618e+02
1.601464812543999910e+09,4.420599360906331867e+02
1.601464812634799957e+09,4.420659396036057842e+02
1.601464812724800110e+09,4.420706759995755419e+02
1.601464812844799995e+09,4.420741744076687496e+02
1.601464812964900017e+09,4.420764639570120380e+02
1.601464813110800028e+09,4.420775737767318674e+02
1.601464813174799919e+09,4.420775329959547548e+02
1.601464813264800072e+09,4.420763707438072174e+02
1.601464813384799957e+09,4.420741161494157154e+02
1.601464813505000114e+09,4.420707983419068228e+02
1.601464813651999950e+09,4.420664464504069429e+02
1.601464813714799881e+09,4.420610896040427633e+02
1.601464813804800034e+09,4.420547569319405738e+02
1.601464813924799919e+09,4.420333470239594931e+02
1.601464814044899940e+09,4.420265919795230047e+02
1.601464814222100019e+09,4.420189193676015975e+02
1.601464814254800081e+09,4.420103583173218453e+02
1.601464814374900103e+09,4.420009379578101516e+02
1.601464814464799881e+09,4.419906874181930903e+02
1.601464814584899902e+09,4.419796358275971215e+02
1.601464814762000084e+09,4.419678123151488194e+02
1.601464814794699907e+09,4.419552460099746440e+02
1.601464814914799929e+09,4.419419660412010558e+02
1.601464815004800081e+09,4.419280015379546285e+02
1.601464815124799967e+09,4.419133816293617656e+02
1.601464815214799881e+09,4.418981354445490979e+02
1.601464815394700050e+09,4.418681615733756871e+02
1.601464815454799891e+09,4.418531921152647328e+02
1.601464815544800043e+09,4.418376546391870079e+02
1.601464815664900064e+09,4.418215782742689726e+02
1.601464815754699945e+09,4.418049921496371439e+02
1.601464815928800106e+09,4.417879253944179254e+02
1.601464815994800091e+09,4.417704071377378909e+02
1.601464816084800005e+09,4.417524665087235007e+02
1.601464816204799891e+09,4.417341326365013288e+02
1.601464816294800043e+09,4.417013041109303799e+02
1.601464816469599962e+09,4.416695824921665690e+02
1.601464816534800053e+09,4.416530983194774649e+02
1.601464816624799967e+09,4.416362791618334427e+02
1.601464816744800091e+09,4.416191541483612468e+02
1.601464816894799948e+09,4.416017524081871670e+02
1.601464817043699980e+09,4.415841030704378909e+02
1.601464817104700089e+09,4.415662352642398218e+02
1.601464817164700031e+09,4.415481781187194770e+02
1.601464817284800053e+09,4.415299607630033165e+02
1.601464817404799938e+09,4.415116123262178576e+02
1.601464817589999914e+09,4.414931619374896741e+02
1.601464817614799976e+09,4.414746387259451694e+02
1.601464817704799891e+09,4.414560718207110313e+02
1.601464817824800014e+09,4.414374903509136061e+02
1.601464817944799900e+09,4.414189234456793542e+02
1.601464818130100012e+09,4.414004002341349064e+02
1.601464818154700041e+09,4.413819498454066661e+02
1.601464818244699955e+09,4.413636014086212640e+02
1.601464818364700079e+09,4.413595145921726726e+02
1.601464818484899998e+09,4.413541460941577839e+02
1.601464818574800014e+09,4.413475541728297458e+02
1.601464818725800037e+09,4.413397970864415925e+02
1.601464818814699888e+09,4.413309330932461307e+02
1.601464818904700041e+09,4.413210204514965653e+02
1.601464819024800062e+09,4.413101174194457030e+02
1.601464819114799976e+09,4.412982822553467486e+02
1.601464819291199923e+09,4.412855732174527361e+02
1.601464819384799957e+09,4.412720485640164725e+02
1.601464819444700003e+09,4.412577665532911624e+02
1.601464819564699888e+09,4.412427854435296126e+02
1.601464819654700041e+09,4.412271634929851416e+02
1.601464819861299992e+09,4.412109589599104993e+02
1.601464819894799948e+09,4.411942301025587199e+02
1.601464820014800072e+09,4.411770351791829512e+02
1.601464820104700089e+09,4.411735629873034554e+02
1.601464820194700003e+09,4.411682993541440965e+02
1.601464820401299953e+09,4.411472011278165724e+02
1.601464820434799910e+09,4.411400586659975716e+02
1.601464820524699926e+09,4.411313577959105032e+02
1.601464820644799948e+09,4.411211859049350323e+02
1.601464820764800072e+09,4.411096303804505396e+02
1.601464820940000057e+09,4.410967786098365764e+02
1.601464820974800110e+09,4.410827179804726370e+02
1.601464821064800024e+09,4.410675358797383865e+02
1.601464821184799910e+09,4.410513196950132055e+02
1.601464821304899931e+09,4.410341568136764749e+02
1.601464821512099981e+09,4.410161346231079165e+02
1.601464821544800043e+09,4.409973405106868540e+02
1.601464821604700089e+09,4.409778618637930094e+02
1.601464821724800110e+09,4.409577860698058771e+02
1.601464821844700098e+09,4.409372005161049515e+02
1.601464821934799910e+09,4.409161925900695564e+02
1.601464822109899998e+09,4.408948496790794138e+02
1.601464822144799948e+09,4.408732591705141317e+02
1.601464822264800072e+09,4.408515084517529772e+02
1.601464822384799957e+09,4.408296849101754447e+02
1.601464822474900007e+09,4.408078759331612559e+02
1.601464822650099993e+09,4.407705673479337634e+02
1.601464822684799910e+09,4.407475495121695985e+02
1.601464822804800034e+09,4.407389098132482559e+02
1.601464822924799919e+09,4.407291632075197185e+02
1.601464823015000105e+09,4.407028246513340264e+02
1.601464823222899914e+09,4.406741120713381861e+02
1.601464823254699945e+09,4.406431128549116920e+02
1.601464823374700069e+09,4.406099143894340955e+02
1.601464823464799881e+09,4.405746040622848909e+02
1.601464823554800034e+09,4.405372692608435727e+02
1.601464823791399956e+09,4.404979973724896922e+02
1.601464823795799971e+09,4.404568757846027438e+02
1.601464823884700060e+09,4.404139918845622788e+02
1.601464824034800053e+09,4.403694330597477347e+02
1.601464824094700098e+09,4.403232866975387196e+02
1.601464824339400053e+09,4.402756401853147281e+02
1.601464824339900017e+09,4.402265809104551408e+02
1.601464824424700022e+09,4.401761962603396796e+02
1.601464824544699907e+09,4.401245736223477820e+02
1.601464824664700031e+09,4.400718003838587720e+02
1.601464824871400118e+09,4.400179639322524849e+02
1.601464824874700069e+09,4.399787532150643301e+02
1.601464824964699984e+09,4.399245526493766079e+02
1.601464825084700108e+09,4.398695801618366659e+02
1.601464825204799891e+09,4.398139231398237712e+02
1.601464825294800043e+09,4.397576689707174182e+02
1.601464825469000101e+09,4.397150355811650115e+02
1.601464825504800081e+09,4.396564073882486809e+02
1.601464825624799967e+09,4.396116038787714615e+02
1.601464825744699955e+09,4.395651400090835637e+02
1.601464825834700108e+09,4.395171322956907716e+02
1.601464826008899927e+09,4.394676972550994378e+02
1.601464826044699907e+09,4.394028208645477775e+02
1.601464826194700003e+09,4.393523226108388826e+02
1.601464826284699917e+09,4.393021884712112524e+02
1.601464826374700069e+09,4.392587927690542529e+02
1.601464826580100060e+09,4.392154781143449327e+02
1.601464826584800005e+09,4.391722445071463881e+02
1.601464826704699993e+09,4.391290919474586758e+02
1.601464826824700117e+09,4.390860204352817391e+02
1.601464826914799929e+09,4.390430299706156347e+02
1.601464827121299982e+09,4.390001205534603628e+02
1.601464827154700041e+09,4.389572921838158663e+02
1.601464827244699955e+09,4.389145448616821454e+02
1.601464827365400076e+09,4.388718785870592569e+02
1.601464827454699993e+09,4.388292933599472008e+02
1.601464827691400051e+09,4.387867891803459202e+02
1.601464827694700003e+09,4.387443660482554151e+02
1.601464827784699917e+09,4.387020239636757424e+02
1.601464827904700041e+09,4.386597629266069021e+02
1.601464827995399952e+09,4.386175829370488373e+02
1.601464828114799976e+09,4.385754839950016049e+02
1.601464828259700060e+09,4.385334661004651480e+02
1.601464828324700117e+09,4.384915292534394666e+02
1.601464828444700003e+09,4.384496734539246177e+02
1.601464828534600019e+09,4.384078987019206011e+02
1.601464828654700041e+09,4.383662049974273600e+02
1.601464828829200029e+09,4.383245923404449513e+02
1.601464828894700050e+09,4.382830607309733182e+02
1.601464828984699965e+09,4.382416101690125174e+02
1.601464829104700089e+09,4.382002406545624922e+02
1.601464829194700003e+09,4.381589521876232993e+02
1.601464829402100086e+09,4.381177447681948820e+02
1.601464829404700041e+09,4.380766183962772971e+02
1.601464829524699926e+09,4.380355730718704876e+02
1.601464829644700050e+09,4.379946087949745106e+02
1.601464829734800100e+09,4.379537255655893091e+02
1.601464829939899921e+09,4.379129233837149400e+02
1.601464829944700003e+09,4.378722022493514032e+02
1.601464830064800024e+09,4.378315621624985852e+02
1.601464830184700012e+09,4.377910031231566563e+02
1.601464830274699926e+09,4.377505251313255030e+02
1.601464830513099909e+09,4.377101281870051253e+02
1.601464830513700008e+09,4.376698122901955799e+02
1.601464830634700060e+09,4.376295774408968100e+02
1.601464830724800110e+09,4.375894236391088725e+02
1.601464830814699888e+09,4.375493508848317674e+02
1.601464831052299976e+09,4.375093591780654378e+02
1.601464831052799940e+09,4.374694485188098838e+02
1.601464831144700050e+09,4.374296189070651621e+02
1.601464831264699936e+09,4.373898703428312729e+02
1.601464831354799986e+09,4.373502028261081591e+02
1.601464831474900007e+09,4.373106163568958777e+02
1.601464831621900082e+09,4.372711109351943719e+02
1.601464831684999943e+09,4.372316865610036416e+02
