time,gsr
1.601454706956799984e+09,4.485169945321202363e+02
1.601454707136300087e+09,4.486388577955453911e+02
1.601454707165800095e+09,4.487542126525616482e+02
1.601454707286200047e+09,4.488630591031690074e+02
1.601454707406199932e+09,4.489653971473674687e+02
1.601454707504400015e+09,4.490612267851570323e+02
1.601454707616100073e+09,4.491505480165377548e+02
1.601454707706099987e+09,4.492333608415095796e+02
1.601454707825999975e+09,4.493096652600725065e+02
1.601454707946799994e+09,4.493794612722265356e+02
1.601454708035500050e+09,4.494427488779717237e+02
1.601454708155900002e+09,4.494995280773079571e+02
1.601454708246000051e+09,4.495497988702353496e+02
1.601454708365799904e+09,4.495935612567538442e+02
1.601454708485800028e+09,4.496308152368634410e+02
1.601454708575700045e+09,4.496615608105641400e+02
1.601454708695699930e+09,4.496857979778559979e+02
1.601454708786400080e+09,4.497035267387389013e+02
1.601454708905999899e+09,4.497147470932129636e+02
1.601454709025700092e+09,4.497194590412781281e+02
1.601454709115600109e+09,4.497176625829343948e+02
1.601454709237299919e+09,4.497093577181818205e+02
1.601454709325500011e+09,4.496945444470202915e+02
1.601454709445600033e+09,4.496732227694499215e+02
1.601454709595700026e+09,4.496453926854706538e+02
1.601454709655499935e+09,4.496110541950824881e+02
1.601454709775399923e+09,4.495702072982854247e+02
1.601454709895499945e+09,4.495228519950795203e+02
1.601454710096600056e+09,4.494689882854647180e+02
1.601454710104500055e+09,4.494086161694410180e+02
1.601454710194499969e+09,4.493417356470084201e+02
1.601454710314500093e+09,4.492683467181669243e+02
1.601454710434499979e+09,4.491884493829165308e+02
1.601454710636100054e+09,4.491020436412572963e+02
1.601454710644500017e+09,4.490091294931891639e+02
1.601454710794500113e+09,4.489097069387121337e+02
1.601454710854500055e+09,4.488037759778262057e+02
1.601454710974400043e+09,4.486913366105313798e+02
1.601454711206599951e+09,4.485723888368277130e+02
1.601454711207200050e+09,4.484469326567150915e+02
1.601454711274399996e+09,4.483149680701936290e+02
1.601454711394299984e+09,4.481764950772632687e+02
1.601454711514199972e+09,4.480315136779240106e+02
1.601454711604199886e+09,4.478800238721759115e+02
1.601454711774300098e+09,4.477220256600188577e+02
1.601454711844099998e+09,4.475575190414529629e+02
1.601454711934000015e+09,4.473865040164781703e+02
1.601454712054100037e+09,4.472089805850944799e+02
1.601454712144099951e+09,4.470249487473019485e+02
1.601454712315099955e+09,4.468344085031004624e+02
1.601454712384000063e+09,4.466373598524260728e+02
1.601454712473999977e+09,4.464422121823192811e+02
1.601454712594000101e+09,4.462489462537846521e+02
1.601454712683900118e+09,4.460426013474495335e+02
1.601454712854099989e+09,4.458238183040966192e+02
1.601454712923799992e+09,4.455932379645093420e+02
1.601454713013799906e+09,4.453515011694706232e+02
1.601454713133800030e+09,4.450836471996076398e+02
1.601454713223799944e+09,4.448200198660005640e+02
1.601454713456099987e+09,4.445315279100088901e+02
1.601454713463700056e+09,4.442329135825567619e+02
1.601454713553600073e+09,4.439403901554567824e+02
1.601454713673599958e+09,4.436248663700685597e+02
1.601454713793699980e+09,4.433010844773162376e+02
1.601454714025000095e+09,4.429696561888564474e+02
1.601454714025500059e+09,4.426311932163455936e+02
1.601454714093600035e+09,4.422863072714404780e+02
1.601454714243599892e+09,4.419356100657976754e+02
1.601454714333499908e+09,4.415938438503412158e+02
1.601454714560100079e+09,4.412319173664307073e+02
1.601454714560600042e+09,4.408801744251463788e+02
1.601454714633500099e+09,4.405236543071151232e+02
1.601454714753400087e+09,4.401488673138527474e+02
1.601454714873500109e+09,4.397861572564393100e+02
1.601454714963500023e+09,4.394064328762344758e+02
1.601454715126600027e+09,4.390400379843181327e+02
1.601454715173300028e+09,4.386720118613174577e+02
1.601454715323400021e+09,4.383029953480157133e+02
1.601454715413300037e+09,4.379336292851957637e+02
1.601454715503299952e+09,4.375645545136410988e+02
1.601454715673399925e+09,4.371964118741344691e+02
1.601454715713299990e+09,4.368298422074591372e+02
1.601454715833199978e+09,4.364796168936658205e+02
1.601454715953299999e+09,4.361308043425079291e+02
1.601454716043299913e+09,4.357840745238948443e+02
1.601454716246799946e+09,4.354244958475806015e+02
1.601454716283099890e+09,4.350824412537717194e+02
1.601454716373100042e+09,4.347429791522218352e+02
1.601454716493099928e+09,4.344209100521080700e+02
1.601454716583300114e+09,4.340872009530429523e+02
1.601454716819299936e+09,4.337566523642033758e+02
1.601454716822999954e+09,4.334455358156553757e+02
1.601454716913100004e+09,4.331248183070113669e+02
1.601454717033099890e+09,4.328234308867159825e+02
1.601454717122999907e+09,4.325264710936493202e+02
1.601454717384500027e+09,4.322346380268475059e+02
1.601454717384999990e+09,4.319627613246142914e+02
1.601454717453000069e+09,4.316803660948000925e+02
1.601454717572900057e+09,4.314022819757085472e+02
1.601454717662899971e+09,4.311292080663760089e+02
1.601454717924499989e+09,4.308618434658382625e+02
1.601454717924999952e+09,4.306008872731316615e+02
1.601454717992899895e+09,4.303470385872921042e+02
1.601454718112799883e+09,4.300995254864675417e+02
1.601454718233999968e+09,4.298575760488054698e+02
1.601454718322900057e+09,4.296218893733417872e+02
1.601454718492899895e+09,4.293931645591127904e+02
1.601454718532799959e+09,4.291721007051546621e+02
1.601454718652800083e+09,4.289437953503474432e+02
1.601454718772799969e+09,4.287230490038681410e+02
1.601454718863899946e+09,4.285246621748938765e+02
1.601454719032999992e+09,4.283337324023051451e+02
1.601454719072700024e+09,4.281509587851375613e+02
1.601454719222700119e+09,4.279614388622715069e+02
1.601454719342700005e+09,4.277799731428841596e+02
1.601454719402699947e+09,4.276072315968849011e+02
1.601454719604000092e+09,4.274282826340274255e+02
1.601454719612699986e+09,4.272578976343624504e+02
1.601454719732500076e+09,4.270811158785169255e+02
1.601454719852600098e+09,4.269126796174151650e+02
1.601454719942699909e+09,4.267532005627136300e+02
1.601454720204900026e+09,4.266032904260688952e+02
1.601454720205399990e+09,4.264635609191376489e+02
1.601454720272500038e+09,4.263190221934203805e+02
1.601454720392499924e+09,4.261843873707148305e+02
1.601454720482599974e+09,4.260602390335510563e+02
1.601454720740200043e+09,4.259315582043030872e+02
1.601454720740700006e+09,4.258130288756420327e+02
1.601454720812500000e+09,4.257052045009716608e+02
1.601454720932499886e+09,4.255930369735391992e+02
1.601454721022399902e+09,4.254911811568896383e+02
1.601454721143500090e+09,4.253845598151438594e+02
1.601454721306499958e+09,4.252721971225639095e+02
1.601454721352299929e+09,4.251686896844415173e+02
1.601454721472399950e+09,4.250589020066446437e+02
1.601454721562400103e+09,4.249574015653383867e+02
1.601454721682399988e+09,4.248490237372643605e+02
1.601454721845499992e+09,4.247483068694610324e+02
1.601454721892299891e+09,4.246400572095436701e+02
1.601454722013400078e+09,4.245231824152680815e+02
1.601454722102299929e+09,4.244121625754200977e+02
1.601454722222300053e+09,4.243073472395175258e+02
1.601454722423000097e+09,4.242076149361901116e+02
1.601454722432300091e+09,4.240977136547998043e+02
1.601454722552200079e+09,4.239779638157382351e+02
1.601454722672199965e+09,4.238627872495379165e+02
1.601454722762300014e+09,4.237524752474639627e+02
1.601454722963500023e+09,4.236317175406254023e+02
1.601454722972100019e+09,4.235149068304282309e+02
1.601454723092099905e+09,4.234023052790109887e+02
1.601454723212100029e+09,4.232785734883562441e+02
1.601454723302099943e+09,4.231580750307434187e+02
1.601454723422199965e+09,4.230410429391847060e+02
1.601454723592200041e+09,4.229121086865361576e+02
1.601454723632100105e+09,4.227856067159507916e+02
1.601454723752000093e+09,4.226617409313141707e+02
1.601454723842099905e+09,4.225407152365116872e+02
1.601454724103800058e+09,4.224227335354289607e+02
1.601454724104399920e+09,4.223079997319515542e+02
1.601454724171999931e+09,4.221967177299649734e+02
1.601454724292700052e+09,4.220890914333546675e+02
1.601454724381999969e+09,4.219853247460063130e+02
1.601454724502199888e+09,4.218856215718054727e+02
1.601454724672399998e+09,4.217901858146375389e+02
1.601454724711899996e+09,4.216992213783881311e+02
1.601454724831899881e+09,4.216129321669426986e+02
1.601454724921999931e+09,4.215315220841868609e+02
1.601454725042000055e+09,4.214551950340061239e+02
1.601454725243599892e+09,4.213700243810185384e+02
1.601454725251899958e+09,4.212903154392506053e+02
1.601454725371900082e+09,4.212162429834613135e+02
1.601454725461899996e+09,4.211338512491422534e+02
1.601454725582000017e+09,4.210574164211934658e+02
1.601454725813499928e+09,4.210026857054034508e+02
1.601454725813999891e+09,4.209401017771077136e+02
1.601454725911799908e+09,4.208995423813623233e+02
1.601454726001800060e+09,4.208514501935027283e+02
1.601454726121799946e+09,4.208101013984290830e+02
1.601454726321199894e+09,4.207756416417738023e+02
1.601454726331799984e+09,4.207482165691694718e+02
1.601454726451900005e+09,4.207279718262485630e+02
1.601454726571799994e+09,4.207009225193761495e+02
1.601454726661900043e+09,4.206827867252142141e+02
1.601454726921099901e+09,4.206722099393802523e+02
1.601454726921600103e+09,4.206537071182244176e+02
1.601454726991800070e+09,4.206429672092820624e+02
1.601454727141799927e+09,4.206400775999327379e+02
1.601454727201699972e+09,4.206451256775560523e+02
1.601454727321799994e+09,4.206425972693754147e+02
1.601454727481899977e+09,4.206466811729114283e+02
1.601454727531699896e+09,4.206574356464170705e+02
1.601454727651700020e+09,4.206749189481452618e+02
1.601454727741699934e+09,4.206991893363490931e+02
1.601454727861700058e+09,4.207303050692815987e+02
1.601454728020800114e+09,4.207527228450398411e+02
1.601454728071599960e+09,4.207806023320176223e+02
1.601454728191600084e+09,4.208139726593415730e+02
1.601454728281599998e+09,4.208372613959821820e+02
1.601454728401700020e+09,4.208645990812070181e+02
1.601454728595299959e+09,4.208959857150160815e+02
1.601454728611599922e+09,4.209314212974092584e+02
1.601454728731499910e+09,4.209709058283866057e+02
1.601454728821599960e+09,4.210144393079481802e+02
1.601454728941600084e+09,4.210478911968263560e+02
1.601454729143199921e+09,4.210712323658946730e+02
1.601454729151499987e+09,4.210985350961677796e+02
1.601454729271500111e+09,4.211438716686599832e+02
1.601454729361500025e+09,4.211774808548212832e+02
1.601454729481699944e+09,4.212149059565547304e+02
1.601454729687900066e+09,4.212560887156073477e+02
1.601454729722199917e+09,4.213009708737261008e+02
1.601454729811500072e+09,4.213338926125019270e+02
1.601454729901499987e+09,4.213688970838227306e+02
1.601454730021600008e+09,4.214058969003092443e+02
1.601454730282799959e+09,4.214448046745818601e+02
1.601454730283299923e+09,4.214855330192609699e+02
1.601454730351399899e+09,4.215279945469670793e+02
1.601454730471499920e+09,4.215721018703207505e+02
1.601454730561399937e+09,4.216177676019425462e+02
1.601454730681499958e+09,4.216649043544526876e+02
1.601454730913100004e+09,4.217134247404719076e+02
1.601454730913599968e+09,4.217632413726204277e+02
1.601454730981400013e+09,4.218142668635191512e+02
1.601454731101399899e+09,4.218664138257881859e+02
1.601454731221499920e+09,4.219195948720480942e+02
1.601454731423000097e+09,4.219737226149194385e+02
1.601454731431400061e+09,4.220287096670227243e+02
1.601454731581300020e+09,4.220844686409783435e+02
1.601454731641299963e+09,4.221409121494069154e+02
1.601454731761399984e+09,4.221979528049286614e+02
1.601454731962599993e+09,4.222555032201643144e+02
1.601454731971299887e+09,4.223134760077343799e+02
1.601454732091300011e+09,4.223717837802591930e+02
1.601454732181299925e+09,4.224162086110918040e+02
1.601454732301300049e+09,4.224763660831496281e+02
1.601454732503000021e+09,4.225224367096298010e+02
1.601454732511199951e+09,4.225699055341821122e+02
1.601454732631200075e+09,4.226186560403007775e+02
1.601454732721199989e+09,4.226685717114794443e+02
1.601454732841300011e+09,4.227195360312124421e+02
1.601454733073100090e+09,4.227714324829935322e+02
1.601454733073699951e+09,4.228241445503168165e+02
1.601454733171200037e+09,4.228775557166761701e+02
1.601454733291199923e+09,4.229159479054096096e+02
1.601454733381200075e+09,4.229689075703081471e+02
1.601454733501199961e+09,4.230221876555982021e+02
1.601454733667299986e+09,4.230756716447738199e+02
1.601454733711199999e+09,4.231292430213289322e+02
1.601454733801199913e+09,4.231827852687575842e+02
1.601454733921200037e+09,4.232361818705536507e+02
1.601454734041300058e+09,4.232893163102112339e+02
1.601454734202300072e+09,4.233420720712241518e+02
1.601454734251100063e+09,4.233943326370865634e+02
1.601454734341099977e+09,4.234459814912923434e+02
1.601454734461299896e+09,4.234969021173355941e+02
1.601454734581199884e+09,4.235469779987100765e+02
1.601454734772900105e+09,4.235960926189100064e+02
1.601454734791199923e+09,4.236441294614291451e+02
1.601454734881099939e+09,4.236909720097615946e+02
1.601454735001199961e+09,4.237365037474014002e+02
1.601454735121200085e+09,4.237806081578424369e+02
1.601454735315500021e+09,4.238231687245787498e+02
1.601454735331099987e+09,4.238640689311042138e+02
1.601454735451100111e+09,4.239031922609129310e+02
1.601454735541100025e+09,4.239404221974987763e+02
1.601454735661099911e+09,4.239756422243558518e+02
1.601454735892400026e+09,4.240087358249780323e+02
1.601454735892899990e+09,4.240395864828593631e+02
1.601454735991100073e+09,4.240822082207612880e+02
1.601454736081099987e+09,4.241365136513043126e+02
1.601454736201100111e+09,4.241727124168119190e+02
1.601454736432399988e+09,4.242204492293280964e+02
1.601454736432899952e+09,4.242655352913324123e+02
1.601454736530999899e+09,4.243079123445716618e+02
1.601454736621099949e+09,4.243475221307930383e+02
1.601454736741100073e+09,4.243843063917433369e+02
1.601454736831099987e+09,4.244182068691697509e+02
1.601454737026799917e+09,4.244491653048190756e+02
1.601454737071000099e+09,4.244771234404385041e+02
1.601454737161000013e+09,4.245020230177748317e+02
1.601454737280999899e+09,4.245238057785752517e+02
1.601454737371000051e+09,4.245424134645865593e+02
1.601454737562799931e+09,4.245733893777118624e+02
1.601454737611000061e+09,4.246025738495570749e+02
1.601454737700999975e+09,4.246143361908397651e+02
1.601454737821000099e+09,4.246383502427303824e+02
1.601454737940999985e+09,4.246604563368348977e+02
1.601454738132800102e+09,4.246806253440269074e+02
1.601454738150899887e+09,4.247129586744472363e+02
1.601454738240999937e+09,4.247418547679401968e+02
1.601454738391000032e+09,4.247673136245053342e+02
1.601454738481100082e+09,4.247893352441431603e+02
1.601454738672699928e+09,4.248079196268532201e+02
1.601454738690999985e+09,4.248230667726357410e+02
1.601454738780900002e+09,4.248347766814907231e+02
1.601454738900899887e+09,4.248430493534180528e+02
1.601454739020999908e+09,4.248478847884179572e+02
1.601454739243299961e+09,4.248492829864900955e+02
1.601454739243799925e+09,4.248472439476348086e+02
1.601454739320899963e+09,4.248417676718518692e+02
1.601454739440999985e+09,4.248469846984089031e+02
1.601454739561000109e+09,4.248473225962763422e+02
1.601454739784199953e+09,4.248569410338482726e+02
1.601454739784699917e+09,4.248602967092215863e+02
1.601454739890899897e+09,4.248730494408054597e+02
1.601454739980999947e+09,4.248811560767117612e+02
1.601454740100899935e+09,4.248988345435876113e+02
1.601454740190900087e+09,4.248949982376269077e+02
1.601454740382499933e+09,4.248994666456326854e+02
1.601454740460900068e+09,4.248982257448436144e+02
1.601454740520900011e+09,4.248913920517656493e+02
1.601454740640899897e+09,4.248932126221721433e+02
1.601454740730900049e+09,4.248741010022723117e+02
1.601454740954200029e+09,4.248639058079956499e+02
1.601454740970799923e+09,4.248471711248185443e+02
1.601454741060800076e+09,4.248240425983736941e+02
1.601454741180799961e+09,4.247946658742935142e+02
1.601454741300899982e+09,4.247591865982105901e+02
1.601454741491899967e+09,4.247177504157573935e+02
1.601454741510900021e+09,4.246846335118340221e+02
1.601454741600800037e+09,4.246444091010433795e+02
1.601454741720799923e+09,4.245972519581446250e+02
1.601454741810800076e+09,4.245433368578968043e+02
1.601454742061599970e+09,4.244828385750587927e+02
1.601454742062099934e+09,4.244300624236572617e+02
1.601454742140799999e+09,4.243554802081541766e+02
1.601454742290899992e+09,4.242889988027320669e+02
1.601454742380899906e+09,4.242152205511204670e+02
1.601454742600600004e+09,4.241343493572049965e+02
1.601454742601099968e+09,4.240465891248712182e+02
1.601454742680700064e+09,4.239521437580043539e+02
1.601454742800800085e+09,4.238512171604902505e+02
1.601454742920900106e+09,4.237440132362143572e+02
1.601454743143100023e+09,4.236307358890622368e+02
1.601454743143599987e+09,4.235271905830753667e+02
1.601454743220799923e+09,4.234180087911097417e+02
1.601454743340800047e+09,4.233175540854450105e+02
1.601454743460799932e+09,4.232119580889521444e+02
1.601454743550899982e+09,4.231014829637697403e+02
1.601454743742100000e+09,4.229863908720362815e+02
1.601454743760799885e+09,4.228669439758904787e+02
1.601454743880700111e+09,4.227434044374705877e+02
1.601454744000699997e+09,4.226160344189153761e+02
1.601454744090800047e+09,4.224850960823632136e+02
1.601454744318399906e+09,4.223367210506853553e+02
1.601454744330699921e+09,4.221867439170496255e+02
1.601454744420700073e+09,4.220353977144682744e+02
1.601454744540800095e+09,4.218829154759532116e+02
1.601454744630800009e+09,4.217295302345164032e+02
1.601454744853800058e+09,4.215896055624376118e+02
1.601454744870699883e+09,4.214336715224316663e+02
1.601454744960799932e+09,4.212775627076666751e+02
1.601454745080699921e+09,4.211215121511547750e+02
1.601454745170700073e+09,4.209657528859078752e+02
1.601454745422600031e+09,4.208105179449380557e+02
1.601454745440700054e+09,4.206560403612575101e+02
1.601454745500699997e+09,4.205025531678779203e+02
1.601454745620699883e+09,4.203502893978115935e+02
1.601454745710700035e+09,4.201994820840706097e+02
1.601454745830800056e+09,4.200503642596667646e+02
1.601454745992899895e+09,4.199172994968798776e+02
1.601454746070699930e+09,4.197708178584246639e+02
1.601454746161799908e+09,4.196408844767370852e+02
1.601454746280699968e+09,4.194980294145318567e+02
1.601454746370800018e+09,4.193722178042445989e+02
1.601454746533299923e+09,4.192339797085904252e+02
1.601454746580600023e+09,4.190991497207372163e+02
1.601454746700700045e+09,4.189679608736971090e+02
1.601454746820699930e+09,4.188547767397498092e+02
1.601454746910700083e+09,4.187286563607216294e+02
1.601454747134399891e+09,4.186039633088921619e+02
1.601454747134900093e+09,4.184809306172736569e+02
1.601454747240600109e+09,4.183597913188777966e+02
1.601454747360599995e+09,4.182407784467168312e+02
1.601454747450700045e+09,4.181382555730702393e+02
1.601454747674299955e+09,4.180368832999207029e+02
1.601454747674900055e+09,4.179369237894064781e+02
1.601454747780600071e+09,4.178527697429339014e+02
1.601454747900599957e+09,4.177691108916118310e+02
1.601454747990799904e+09,4.176862385267054378e+02
1.601454748243999958e+09,4.176044439394796655e+02
1.601454748244499922e+09,4.175240184211997416e+02
1.601454748320600033e+09,4.174593838023980652e+02
1.601454748440599918e+09,4.173952589433102958e+02
1.601454748530600071e+09,4.173319642643278371e+02
1.601454748783900023e+09,4.172839507251098325e+02
1.601454748784499884e+09,4.172359663150183451e+02
1.601454748860599995e+09,4.171883605835713524e+02
1.601454748980600119e+09,4.171414830802870597e+02
1.601454749070600033e+09,4.170800817945274162e+02
1.601454749190700054e+09,4.170327382252190773e+02
1.601454749351700068e+09,4.169842003617239925e+02
1.601454749400599957e+09,4.169348177535603099e+02
1.601454749520600080e+09,4.168849399502459505e+02
1.601454749640599966e+09,4.168490470405666315e+02
1.601454749730600119e+09,4.168119161430109330e+02
1.601454749892699957e+09,4.167739259362232360e+02
1.601454749940599918e+09,4.167354550988482060e+02
1.601454750060600042e+09,4.167110128487979637e+02
1.601454750150599957e+09,4.166854054336874924e+02
1.601454750270600080e+09,4.166590406612879747e+02
1.601454750494299889e+09,4.166308553184818493e+02
1.601454750494800091e+09,4.165997861921517256e+02
1.601454750600600004e+09,4.165506395299126439e+02
1.601454750720599890e+09,4.164979245496768385e+02
1.601454750810600042e+09,4.164420199300886338e+02
1.601454751064199924e+09,4.163974348890603210e+02
1.601454751064800024e+09,4.163333741140507982e+02
1.601454751140599966e+09,4.162784773622395846e+02
1.601454751260600090e+09,4.162175508812420617e+02
1.601454751350600004e+09,4.161651330180964692e+02
1.601454751604500055e+09,4.161060591495446488e+02
1.601454751605099916e+09,4.160392951915954427e+02
1.601454751680599928e+09,4.159794086204140626e+02
1.601454751800600052e+09,4.158971334026010140e+02
1.601454751890599966e+09,4.158211675535889640e+02
1.601454752144399881e+09,4.157363755792459301e+02
1.601454752144900084e+09,4.156573540848634707e+02
1.601454752220599890e+09,4.155689967054362342e+02
1.601454752340600014e+09,4.154717986361147268e+02
1.601454752430599928e+09,4.153647840511610525e+02
1.601454752550600052e+09,4.152469771248373718e+02
1.601454752712599993e+09,4.151330035915618168e+02
1.601454752790600061e+09,4.150077862154552690e+02
1.601454752880599976e+09,4.148859798600625481e+02
1.601454752970599890e+09,4.147369348584750242e+02
1.601454753090600014e+09,4.146050381736609438e+02
1.601454753252700090e+09,4.144455387285707388e+02
1.601454753300499916e+09,4.142872510551431446e+02
1.601454753420500040e+09,4.141151561757523609e+02
1.601454753510600090e+09,4.139298366729283316e+02
1.601454753630599976e+09,4.137318751292011711e+02
1.601454753882800102e+09,4.135359846663685062e+02
1.601454753883399963e+09,4.133271754359309966e+02
1.601454753960500002e+09,4.131060591495450467e+02
1.601454754050499916e+09,4.128732475188674016e+02
1.601454754200500011e+09,4.126137506953987213e+02
1.601454754290600061e+09,4.123422818009365756e+02
1.601454754452600002e+09,4.120594234180109652e+02
1.601454754500499964e+09,4.117657581291520046e+02
1.601454754590600014e+09,4.114618685168899219e+02
1.601454754710500002e+09,4.111483371637546043e+02
1.601454754961100101e+09,4.108257466522763934e+02
1.601454754961699963e+09,4.104946795649851765e+02
1.601454755040499926e+09,4.101557184844110679e+02
1.601454755160500050e+09,4.098250475532403243e+02
1.601454755250499964e+09,4.094891479438620081e+02
1.601454755370500088e+09,4.091486313679325804e+02
1.601454755531500101e+09,4.088041095371087863e+02
1.601454755580499887e+09,4.084561941630470301e+02
1.601454755700500011e+09,4.080757648579808006e+02
1.601454755790499926e+09,4.077087087348928662e+02
1.601454755910500050e+09,4.073414778370457157e+02
1.601454756070600033e+09,4.069746547469697475e+02
1.601454756120500088e+09,4.066088220471950763e+02
1.601454756240499973e+09,4.062445623202514753e+02
1.601454756330499887e+09,4.058824581486694001e+02
1.601454756450500011e+09,4.055230921149786241e+02
1.601454756610500097e+09,4.051670468017094322e+02
1.601454756660500050e+09,4.048007742521244836e+02
1.601454756780600071e+09,4.044404294797832335e+02
1.601454756870500088e+09,4.040709643779333646e+02
1.601454756990600109e+09,4.037226353702753840e+02
1.601454757212300062e+09,4.033662638107893486e+02
1.601454757212800026e+09,4.030321061231759359e+02
1.601454757320499897e+09,4.026909836614152027e+02
1.601454757410500050e+09,4.023731528492078269e+02
1.601454757530600071e+09,4.020650366006898935e+02
1.601454757650500059e+09,4.017671883692647157e+02
1.601454757810600042e+09,4.014645600481802603e+02
1.601454757860500097e+09,4.011718065009809493e+02
1.601454757950500011e+09,4.008753215126764076e+02
1.601454758070499897e+09,4.005912018385731699e+02
1.601454758327500105e+09,4.003199426738217994e+02
1.601454758328000069e+09,4.000620392135728594e+02
1.601454758400399923e+09,3.998023850928209413e+02
1.601454758490499973e+09,3.995555769168577172e+02
1.601454758610500097e+09,3.993220807517072330e+02
1.601454758730600119e+09,3.990867611032376203e+02
1.601454758890599966e+09,3.988641854476137496e+02
1.601454758941600084e+09,3.986547907217333773e+02
1.601454759030400038e+09,3.984590138624942028e+02
1.601454759150399923e+09,3.982631612675260158e+02
1.601454759270600080e+09,3.980676407445999416e+02
1.601454759428699970e+09,3.978869615116280443e+02
1.601454759480499983e+09,3.977215022472551027e+02
1.601454759600500107e+09,3.975560400699694696e+02
1.601454759690500021e+09,3.974050550685567487e+02
1.601454759810600042e+09,3.972688967925350312e+02
1.601454760032099962e+09,3.971479147914222949e+02
1.601454760032799959e+09,3.970283280754691759e+02
1.601454760140399933e+09,3.969104570650672485e+02
1.601454760230499983e+09,3.968087235907489116e+02
1.601454760350399971e+09,3.967234189437793361e+02
1.601454760440500021e+09,3.966548344154235792e+02
1.601454760600600004e+09,3.965876597367906697e+02
1.601454760680399895e+09,3.965362876092866600e+02
1.601454760770499945e+09,3.964868496557825779e+02
1.601454760920599937e+09,3.964551804694464749e+02
1.601454760980600119e+09,3.964259115231343458e+02
1.601454761140700102e+09,3.964133772599992653e+02
1.601454761220400095e+09,3.964177815839267964e+02
1.601454761310499907e+09,3.964237268386464734e+02
1.601454761430500031e+09,3.964455183381847405e+02
1.601454761550499916e+09,3.964692003180332449e+02
1.601454761716599941e+09,3.965105199839804300e+02
1.601454761760400057e+09,3.965696229816587675e+02
1.601454761880500078e+09,3.966310533965448712e+02
1.601454761970499992e+09,3.967090582844123787e+02
1.601454762090500116e+09,3.967881526016109888e+02
1.601454762262500048e+09,3.968684237355205369e+02
1.601454762300499916e+09,3.969499299443937730e+02
1.601454762390399933e+09,3.970468308966249538e+02
1.601454762510499954e+09,3.971435541611844542e+02
1.601454762630500078e+09,3.972542302773396727e+02
1.601454762831700087e+09,3.973788592450908368e+02
1.601454762840399981e+09,3.975018395042818042e+02
1.601454762930500031e+09,3.976231419257861148e+02
1.601454763050400019e+09,3.977427082513507344e+02
1.601454763170500040e+09,3.978745816328636238e+02
1.601454763365700006e+09,3.980186746829453455e+02
1.601454763380399942e+09,3.981592984540602060e+02
1.601454763500400066e+09,3.983104669689699335e+02
1.601454763590399981e+09,3.984423316117449190e+02
1.601454763710400105e+09,3.985985802463170558e+02
1.601454763800400019e+09,3.987337335674743599e+02
1.601454763963599920e+09,3.988773197707548093e+02
1.601454764040400028e+09,3.990135333921169831e+02
1.601454764130399942e+09,3.991562719378161432e+02
1.601454764250400066e+09,3.992897008146843518e+02
1.601454764340399981e+09,3.994276883998506946e+02
1.601454764502500057e+09,3.995699725311764610e+02
1.601454764580499887e+09,3.997162910465231676e+02
1.601454764670399904e+09,3.998366496843286768e+02
1.601454764790400028e+09,3.999604601236251256e+02
1.601454764880500078e+09,4.000874019440205984e+02
1.601454765074199915e+09,4.002171547251239190e+02
1.601454765120399952e+09,4.003493980465434561e+02
1.601454765210400105e+09,4.004838114878876354e+02
1.601454765360399961e+09,4.006200746287647689e+02
1.601454765420500040e+09,4.007578670487833961e+02
1.601454765614000082e+09,4.008968683275519993e+02
1.601454765660500050e+09,4.010367580446790043e+02
1.601454765750400066e+09,4.011772157797728937e+02
1.601454765870399952e+09,4.013179211124420931e+02
1.601454765990499973e+09,4.014444230830274591e+02
1.601454766183799982e+09,4.015719737021670426e+02
1.601454766200400114e+09,4.017002234203426951e+02
1.601454766290299892e+09,4.018288226880364391e+02
1.601454766410399914e+09,4.019574219557302968e+02
1.601454766530400038e+09,4.020856716739060062e+02
1.601454766723599911e+09,4.022288238532014475e+02
1.601454766740299940e+09,4.023724275339578185e+02
1.601454766830300093e+09,4.025161622957836016e+02
1.601454766950400114e+09,4.026597077182869953e+02
1.601454767070400000e+09,4.028027433810765956e+02
1.601454767160399914e+09,4.029449488637606578e+02
1.601454767321399927e+09,4.030718732066804364e+02
1.601454767370300055e+09,4.032128989597411532e+02
1.601454767490400076e+09,4.033379736031278071e+02
1.601454767610399961e+09,4.034779507076342497e+02
1.601454767700400114e+09,4.036183793136016789e+02
1.601454767893699884e+09,4.037589390006383496e+02
1.601454767940299988e+09,4.038993093483527446e+02
1.601454768030299902e+09,4.040391699363532894e+02
1.601454768150399923e+09,4.041782003442484097e+02
1.601454768240299940e+09,4.043160801516466449e+02
1.601454768432800055e+09,4.044524889381563639e+02
1.601454768510299921e+09,4.045871062833859924e+02
1.601454768570300102e+09,4.047196117669440127e+02
1.601454768690399885e+09,4.048496849684389076e+02
1.601454768780400038e+09,4.049770054674790458e+02
1.601454769003599882e+09,4.051168544038289951e+02
1.601454769020400047e+09,4.052548099469560725e+02
1.601454769110300064e+09,4.053905808055953344e+02
1.601454769230299950e+09,4.055238756884816098e+02
1.601454769320300102e+09,4.056544033043499553e+02
1.601454769542700052e+09,4.057818723619353136e+02
1.601454769560400009e+09,4.059059915699725707e+02
1.601454769650399923e+09,4.060264696371967830e+02
1.601454769770400047e+09,4.061430152723427796e+02
1.601454769860500097e+09,4.062694677234131859e+02
1.601454770083100080e+09,4.063899632681133198e+02
1.601454770100300074e+09,4.065198413044605559e+02
1.601454770190299988e+09,4.066447382601755294e+02
1.601454770310300112e+09,4.067644211022461604e+02
1.601454770430299997e+09,4.068786567976603692e+02
1.601454770521100044e+09,4.070013428526735879e+02
1.601454770682100058e+09,4.071025432639768837e+02
1.601454770730299950e+09,4.072117570979815468e+02
1.601454770850399971e+09,4.073131788906462702e+02
1.601454770970299959e+09,4.074222062982413490e+02
1.601454771060400009e+09,4.075245340067403390e+02
1.601454771253999949e+09,4.076199872413841945e+02
1.601454771270299911e+09,4.077083912274138697e+02
1.601454771390399933e+09,4.077895711900703191e+02
1.601454771510299921e+09,4.078774828938620658e+02
1.601454771600399971e+09,4.079563791330004392e+02
1.601454771792500019e+09,4.080417158220091665e+02
1.601454771810300112e+09,4.081192459051146102e+02
1.601454771930299997e+09,4.081888528658105884e+02
1.601454772050499916e+09,4.082504201875913736e+02
1.601454772140399933e+09,4.083038313539506703e+02
1.601454772363399982e+09,4.083489698483826373e+02
1.601454772380300045e+09,4.083857191543812064e+02
1.601454772470299959e+09,4.084295643155963376e+02
1.601454772590300083e+09,4.084662874053810810e+02
1.601454772710299969e+09,4.084958010363557719e+02
1.601454772911099911e+09,4.085180178211410293e+02
1.601454772920300007e+09,4.085328503723573590e+02
1.601454773010200024e+09,4.085402113026250390e+02
1.601454773130300045e+09,4.085556147847209445e+02
1.601454773220299959e+09,4.085648720211240743e+02
1.601454773471600056e+09,4.085679247535819059e+02
1.601454773472100019e+09,4.085647147238410071e+02
1.601454773550199986e+09,4.085551836736485711e+02
1.601454773670399904e+09,4.085392733447516775e+02
1.601454773760299921e+09,4.085310560181645769e+02
1.601454773880399942e+09,4.085305025647610364e+02
1.601454774072999954e+09,4.085234824452733164e+02
1.601454774090300083e+09,4.085099956597016444e+02
1.601454774210200071e+09,4.085041727473133051e+02
1.601454774330300093e+09,4.084904412770788440e+02
1.601454774420300007e+09,4.084688303781249488e+02
1.601454774610800028e+09,4.084549707397338807e+02
1.601454774630300045e+09,4.084191885207353607e+02
1.601454774750299931e+09,4.083912449496792760e+02
1.601454774870300055e+09,4.083711982848185471e+02
1.601454774960400105e+09,4.083435343533768673e+02
1.601454775181799889e+09,4.083083405427336743e+02
1.601454775182300091e+09,4.082657042402685192e+02
1.601454775290299892e+09,4.082157128333607830e+02
1.601454775410399914e+09,4.081725842486576994e+02
1.601454775500299931e+09,4.081208334425091948e+02
1.601454775721600056e+09,4.080761784915770818e+02
1.601454775722199917e+09,4.080246345022267747e+02
1.601454775830300093e+09,4.079663471200905178e+02
1.601454775950400114e+09,4.079155925300684089e+02
1.601454776040299892e+09,4.078569439467634652e+02
1.601454776293800116e+09,4.077905761449347892e+02
1.601454776294399977e+09,4.077166638993413130e+02
1.601454776370300055e+09,4.076353819847420823e+02
1.601454776490299940e+09,4.075610357151637118e+02
1.601454776580399990e+09,4.074782274343356221e+02
1.601454776831399918e+09,4.073871610461433193e+02
1.601454776831899881e+09,4.072880404544725934e+02
1.601454776910300016e+09,4.071966711233646947e+02
1.601454777030299902e+09,4.070991555465643046e+02
1.601454777120300055e+09,4.069957267570834460e+02
1.601454777240400076e+09,4.068866177879341421e+02
1.601454777431900024e+09,4.067720616721283591e+02
1.601454777450299978e+09,4.066381609034107782e+02
1.601454777570300102e+09,4.065007209458227067e+02
1.601454777690399885e+09,4.063740762425174466e+02
1.601454777780400038e+09,4.062287277270834238e+02
1.601454777970999956e+09,4.060804808635621157e+02
1.601454777990299940e+09,4.059295395558391419e+02
1.601454778110300064e+09,4.057761077077999516e+02
1.601454778200299978e+09,4.056359907834861929e+02
1.601454778320300102e+09,4.054796897164862912e+02
1.601454778541800022e+09,4.053371405101093501e+02
1.601454778542399883e+09,4.051944456580999372e+02
1.601454778650199890e+09,4.050518381934699050e+02
1.601454778770299911e+09,4.049095511492315609e+02
1.601454778860300064e+09,4.047678175583968709e+02
1.601454779082000017e+09,4.046127399147101755e+02
1.601454779082600117e+09,4.044742542214808054e+02
1.601454779190299988e+09,4.043228614122970157e+02
1.601454779310300112e+09,4.041743669512003976e+02
1.601454779400300026e+09,4.040289747420766275e+02
1.601454779520299911e+09,4.038868886888110978e+02
1.601454779655299902e+09,4.037483126952894850e+02
1.601454779730299950e+09,4.036134506653971812e+02
1.601454779850199938e+09,4.034825065030197493e+02
1.601454779940299988e+09,4.033556841120428089e+02
1.601454780060400009e+09,4.032331873963517523e+02
1.601454780223599911e+09,4.031152202598323129e+02
1.601454780270299911e+09,4.030019866063698828e+02
1.601454780390199900e+09,4.028795598005824559e+02
1.601454780480299950e+09,4.027637161773853336e+02
1.601454780600300074e+09,4.026546305115371638e+02
1.601454780792200089e+09,4.025524775777972195e+02
1.601454780810300112e+09,4.024418305907684612e+02
1.601454780930200100e+09,4.023369657353509297e+02
1.601454781020200014e+09,4.022380286571770398e+02
1.601454781140300035e+09,4.021451650018794339e+02
1.601454781360899925e+09,4.020585204150906407e+02
1.601454781361399889e+09,4.019782405424431886e+02
1.601454781470299959e+09,4.018888694694135779e+02
1.601454781560300112e+09,4.018202558119313039e+02
1.601454781680399895e+09,4.017428131162054683e+02
1.601454781902400017e+09,4.016707884380095948e+02
1.601454781903000116e+09,4.016042982938495243e+02
1.601454782040199995e+09,4.015434592002314389e+02
1.601454782100199938e+09,4.014883876736613502e+02
1.601454782220299959e+09,4.014392002306452127e+02
1.601454782472700119e+09,4.013818828484214691e+02
1.601454782473500013e+09,4.013306534536374102e+02
1.601454782550299883e+09,4.012699978735162745e+02
1.601454782640199900e+09,4.012155759264672383e+02
1.601454782760299921e+09,4.011674458707432223e+02
1.601454783014100075e+09,4.011256659645972604e+02
1.601454783014600039e+09,4.010902944662824439e+02
1.601454783090199947e+09,4.010613896340516362e+02
1.601454783210299969e+09,4.010390097261579285e+02
1.601454783300299883e+09,4.010232130008543550e+02
1.601454783554100037e+09,4.010140577163938360e+02
1.601454783554600000e+09,4.010116021310294059e+02
1.601454783630300045e+09,4.010159045030142124e+02
1.601454783750299931e+09,4.010270230906010624e+02
1.601454783840300083e+09,4.010450161520431038e+02
1.601454783961100101e+09,4.010699419455933139e+02
1.601454784151999950e+09,4.011018587295047837e+02
1.601454784170200109e+09,4.011408247620303200e+02
1.601454784290299892e+09,4.011727677621555586e+02
1.601454784380300045e+09,4.012133184191630448e+02
1.601454784500299931e+09,4.012625058621791823e+02
1.601454784721600056e+09,4.013203592203305448e+02
1.601454784722100019e+09,4.013713060625875642e+02
1.601454784830300093e+09,4.014294769282178095e+02
1.601454784921400070e+09,4.014948718172213376e+02
1.601454785040299892e+09,4.015674907295979779e+02
1.601454785263700008e+09,4.016317321051918157e+02
1.601454785264199972e+09,4.017016973541439029e+02
1.601454785370199919e+09,4.017773573473276656e+02
1.601454785460299969e+09,4.018586829556166435e+02
1.601454785580300093e+09,4.019456450498842628e+02
1.601454785831899881e+09,4.020382145010041768e+02
1.601454785832499981e+09,4.021207606196936695e+02
1.601454785910300016e+09,4.022073556869673894e+02
1.601454786000200033e+09,4.022979414445722455e+02
1.601454786120300055e+09,4.023924596342552036e+02
1.601454786371599913e+09,4.024908519977634000e+02
1.601454786372200012e+09,4.025774587166877723e+02
1.601454786450200081e+09,4.026663229429161106e+02
1.601454786540199995e+09,4.027573572890692617e+02
1.601454786660300016e+09,4.028504743677673900e+02
1.601454786780299902e+09,4.029455867916312286e+02
1.601454786940999985e+09,4.030270056131249135e+02
1.601454786990299940e+09,4.031087448550103431e+02
1.601454787080199957e+09,4.031906880007811083e+02
1.601454787200299978e+09,4.032727185339314815e+02
1.601454787320199966e+09,4.033547199379553945e+02
1.601454787551100016e+09,4.034209741361907504e+02
1.601454787551599979e+09,4.034995965615401587e+02
1.601454787650300026e+09,4.035748691373413521e+02
1.601454787740299940e+09,4.036466753470885465e+02
1.601454787860300064e+09,4.037148986742756165e+02
1.601454787950299978e+09,4.037794226023966075e+02
1.601454788117399931e+09,4.038401306149453944e+02
1.601454788190299988e+09,4.038969061954160793e+02
1.601454788280200005e+09,4.039496328273025370e+02
1.601454788430299997e+09,4.040137955542548411e+02
1.601454788490299940e+09,4.040751764496259852e+02
1.601454788660300016e+09,4.041180865658803327e+02
1.601454788730200052e+09,4.041721414859354127e+02
1.601454788820199966e+09,4.042231232831442753e+02
1.601454788940299988e+09,4.042709445701273125e+02
1.601454789030299902e+09,4.043155179595051436e+02
1.601454789202199936e+09,4.043567560638980467e+02
1.601454789270499945e+09,4.043945714959266979e+02
1.601454789360699892e+09,4.044288768682114892e+02
1.601454789510299921e+09,4.044595847933729260e+02
1.601454789600399971e+09,4.044866078840315140e+02
1.601454789761499882e+09,4.045098587528077019e+02
1.601454789810300112e+09,4.045292500123219952e+02
1.601454789900399923e+09,4.045602958353509280e+02
1.601454790020299911e+09,4.045732058642178686e+02
1.601454790140300035e+09,4.045976248109669200e+02
1.601454790300400019e+09,4.046193638780775359e+02
1.601454790350199938e+09,4.046383648072966253e+02
1.601454790440200090e+09,4.046545693403713244e+02
1.601454790560300112e+09,4.046679192190484855e+02
1.601454790680299997e+09,4.046783561850751312e+02
1.601454790903199911e+09,4.046858219801983410e+02
1.601454790903800011e+09,4.046902583461650238e+02
1.601454790980200052e+09,4.046916070247222024e+02
1.601454791100300074e+09,4.046898097576168425e+02
1.601454791220299959e+09,4.046848082865959668e+02
1.601454791442600012e+09,4.046780153742950006e+02
1.601454791443300009e+09,4.046708437833495395e+02
1.601454791580300093e+09,4.046632352555064926e+02
1.601454791640199900e+09,4.046551315325128257e+02
1.601454791760299921e+09,4.046464743561155615e+02
1.601454791850300074e+09,4.046372054680617225e+02
1.601454792043200016e+09,4.046272666100982747e+02
1.601454792090199947e+09,4.046165995239722406e+02
1.601454792180200100e+09,4.046051459514304725e+02
1.601454792300299883e+09,4.045928476342201634e+02
1.601454792390300035e+09,4.045796463140881087e+02
1.601454792550400019e+09,4.045654837327814448e+02
1.601454792630199909e+09,4.045503016320470806e+02
1.601454792720200062e+09,4.045340417536320388e+02
1.601454792840199947e+09,4.045166458392833420e+02
1.601454792930599928e+09,4.044980556307479560e+02
1.601454793124200106e+09,4.044782128697727899e+02
1.601454793170200109e+09,4.044570592981049231e+02
1.601454793260200024e+09,4.044501382176473498e+02
1.601454793380199909e+09,4.044276883998500693e+02
1.601454793470299959e+09,4.044052531466160190e+02
1.601454793663500071e+09,4.043842452205806808e+02
1.601454793710200071e+09,4.043646063634910774e+02
1.601454793800199986e+09,4.043462783170942316e+02
1.601454793920300007e+09,4.043292028231370523e+02
1.601454794040299892e+09,4.043133216233666190e+02
1.601454794263600111e+09,4.042985764595298406e+02
1.601454794264100075e+09,4.042849090733737398e+02
1.601454794340199947e+09,4.042722612066452825e+02
1.601454794460299969e+09,4.042605746010915482e+02
1.601454794580300093e+09,4.042497909984594457e+02
1.601454794670300007e+09,4.042398521404959979e+02
1.601454794862900019e+09,4.042306997689481705e+02
1.601454794880599976e+09,4.042222756255629861e+02
1.601454795000200033e+09,4.042145214520873537e+02
1.601454795120100021e+09,4.042073789902683529e+02
1.601454795210200071e+09,4.042163915420089779e+02
1.601454795371200085e+09,4.042273994389151426e+02
1.601454795420200109e+09,4.042403735518604435e+02
1.601454795540199995e+09,4.042552847517183068e+02
1.601454795660399914e+09,4.042721039093622153e+02
1.601454795780299902e+09,4.042908018956657088e+02
1.601454795942399979e+09,4.043113495815022134e+02
1.601454795990200043e+09,4.043337178377453256e+02
1.601454796080199957e+09,4.043578775352685284e+02
1.601454796200200081e+09,4.043837995449451910e+02
1.601454796290299892e+09,4.044114547376489099e+02
1.601454796483900070e+09,4.044408139842531682e+02
1.601454796530200005e+09,4.044718481556315055e+02
1.601454796620199919e+09,4.045045281226572911e+02
1.601454796740200043e+09,4.045388247562041215e+02
1.601454796830199957e+09,4.045747089271455366e+02
1.601454797023799896e+09,4.046121515063549055e+02
1.601454797070199966e+09,4.046652539039732801e+02
1.601454797160200119e+09,4.047184145598446889e+02
1.601454797280200005e+09,4.047575029347016198e+02
1.601454797370300055e+09,4.048122219988409825e+02
1.601454797623899937e+09,4.048669701921069191e+02
1.601454797624399900e+09,4.049217475144993159e+02
1.601454797700200081e+09,4.049765539660182299e+02
1.601454797820199966e+09,4.050313895466636609e+02
1.601454797910300016e+09,4.050721237171680968e+02
1.601454798030499935e+09,4.051143289085609922e+02
1.601454798194700003e+09,4.051579759917158867e+02
1.601454798240200043e+09,4.052030358375063201e+02
1.601454798360199928e+09,4.052494793168056617e+02
1.601454798480200052e+09,4.052816757403314796e+02
1.601454798570199966e+09,4.053136973890983086e+02
1.601454798732300043e+09,4.053454860048530577e+02
1.601454798780600071e+09,4.053769833293428064e+02
1.601454798930299997e+09,4.054081311043144069e+02
1.601454799020200014e+09,4.054388710715150523e+02
1.601454799110199928e+09,4.054691449726915380e+02
1.601454799302599907e+09,4.054988945495909434e+02
1.601454799320199966e+09,4.055280615439602343e+02
1.601454799440200090e+09,4.055565876975464903e+02
1.601454799560199976e+09,4.055844147520966203e+02
1.601454799650300026e+09,4.056114844493575902e+02
1.601454799843499899e+09,4.056377385310764794e+02
1.601454799860199928e+09,4.056631187390001969e+02
1.601454799980299950e+09,4.056875668148757086e+02
1.601454800100199938e+09,4.057110245004500939e+02
1.601454800190200090e+09,4.057334335374703187e+02
1.601454800414000034e+09,4.057547356676833488e+02
1.601454800430200100e+09,4.057748726328361499e+02
1.601454800520200014e+09,4.057937861746758017e+02
1.601454800640199900e+09,4.058114180349492131e+02
1.601454800730200052e+09,4.058277099554033498e+02
1.601454800850399971e+09,4.058284731385178361e+02
1.601454801012700081e+09,4.058433522963364908e+02
1.601454801060199976e+09,4.058425570711829096e+02
1.601454801210200071e+09,4.058416016358335128e+02
1.601454801270299911e+09,4.058403986029088628e+02
1.601454801390199900e+09,4.058388605850294084e+02
1.601454801560100079e+09,4.058369001948156551e+02
1.601454801600199938e+09,4.058485605841555071e+02
1.601454801720200062e+09,4.058581819346400721e+02
1.601454801810199976e+09,4.058515754487488607e+02
1.601454801930299997e+09,4.058442552992580659e+02
1.601454802123600006e+09,4.058502646380560464e+02
1.601454802140199900e+09,4.058539436467337396e+02
1.601454802260900021e+09,4.058849661664614246e+02
1.601454802380199909e+09,4.059136000978156744e+02
1.601454802500299931e+09,4.059539759800641718e+02
1.601454802662400007e+09,4.059763908429096091e+02
1.601454802680200100e+09,4.059964462465082420e+02
1.601454802800199986e+09,4.060282727301275258e+02
1.601454802920300007e+09,4.060562978627378357e+02
1.601454803010299921e+09,4.060805507734657454e+02
1.601454803263799906e+09,4.061010605914378289e+02
1.601454803264300108e+09,4.061178564457806033e+02
1.601454803340199947e+09,4.061309674656204152e+02
1.601454803460200071e+09,4.061404227800838385e+02
1.601454803550199986e+09,4.061603820575650730e+02
1.601454803773499966e+09,4.061753019961607833e+02
1.601454803773999929e+09,4.061852408541242312e+02
1.601454803880199909e+09,4.061902568897083938e+02
1.601454804000200033e+09,4.062045389004337039e+02
1.601454804090199947e+09,4.062125727135237412e+02
1.601454804210200071e+09,4.062144457163580569e+02
1.601454804372299910e+09,4.062243758355835439e+02
1.601454804420200109e+09,4.062424795877063275e+02
1.601454804540199995e+09,4.062547720790914241e+02
1.601454804630300045e+09,4.062613989553712486e+02
1.601454804750200033e+09,4.062625058621784433e+02
1.601454804911400080e+09,4.062582384451454800e+02
1.601454804960299969e+09,4.062487423499048873e+02
1.601454805080199957e+09,4.062482937613567060e+02
1.601454805170200109e+09,4.062414658941039534e+02
1.601454805290199995e+09,4.062284335229057319e+02
1.601454805483900070e+09,4.062093714225208601e+02
1.601454805500200033e+09,4.061844543677086108e+02
1.601454805620199919e+09,4.061538571332279162e+02
1.601454805710299969e+09,4.061177544938377650e+02
1.601454805830399990e+09,4.060763212242973168e+02
1.601454806021899939e+09,4.060156015600978776e+02
1.601454806040100098e+09,4.059654732462955735e+02
1.601454806160200119e+09,4.059105094974935355e+02
1.601454806250200033e+09,4.058650156277183214e+02
1.601454806370199919e+09,4.058135939806991814e+02
1.601454806591399908e+09,4.057705789995893042e+02
1.601454806591900110e+09,4.057206021572449686e+02
1.601454806700099945e+09,4.056780270259454824e+02
1.601454806820199966e+09,4.056416447469407558e+02
1.601454806910200119e+09,4.055961450513402156e+02
1.601454807131500006e+09,4.055418192304086347e+02
1.601454807131999969e+09,4.054930891146786394e+02
1.601454807240200043e+09,4.054488041036531740e+02
1.601454807360199928e+09,4.053937121866944722e+02
1.601454807450200081e+09,4.053422934525881942e+02
1.601454807570199966e+09,4.052793250198225223e+02
1.601454807729300022e+09,4.052193161063098614e+02
1.601454807780100107e+09,4.051470729596651381e+02
1.601454807900199890e+09,4.050771339269269333e+02
1.601454807990200043e+09,4.049787328246808329e+02
1.601454808110199928e+09,4.048664079999653609e+02
1.601454808300499916e+09,4.047561688207076145e+02
1.601454808350199938e+09,4.046328506636492079e+02
1.601454808440200090e+09,4.044954194447991540e+02
1.601454808530200005e+09,4.043443121010551522e+02
1.601454808650199890e+09,4.041940961085820732e+02
1.601454808842000008e+09,4.040296359732481619e+02
1.601454808860199928e+09,4.038669993212334930e+02
1.601454808980099916e+09,4.036925508084210605e+02
1.601454809070199966e+09,4.035067856299614846e+02
1.601454809190399885e+09,4.033101989810053283e+02
1.601454809411999941e+09,4.031174165959707807e+02
1.601454809412499905e+09,4.029133612389787800e+02
1.601454809520200014e+09,4.026985572343065201e+02
1.601454809610199928e+09,4.024876594454985934e+02
1.601454809730299950e+09,4.022656197658023984e+02
1.601454809952399969e+09,4.020329916486217599e+02
1.601454809952899933e+09,4.017903285473601613e+02
1.601454810060199976e+09,4.015381839154213139e+02
1.601454810150199890e+09,4.012771112062086445e+02
1.601454810270200014e+09,4.010076638731259777e+02
1.601454810521500111e+09,4.007303953695766268e+02
1.601454810522000074e+09,4.004458591489643595e+02
1.601454810600199938e+09,4.001546086646927165e+02
1.601454810690299988e+09,3.998571973701652382e+02
1.601454810810199976e+09,3.995541787187855221e+02
1.601454810930299997e+09,3.992461061639573359e+02
1.601454811090300083e+09,3.989335331590839928e+02
1.601454811140199900e+09,3.986170131575692608e+02
1.601454811290199995e+09,3.982970996128168508e+02
1.601454811350199938e+09,3.979743459782300761e+02
1.601454811500400066e+09,3.976351751679453059e+02
1.601454811691800117e+09,3.972957130663954786e+02
1.601454811692300081e+09,3.969564839978575606e+02
1.601454811800199986e+09,3.966336138467647743e+02
1.601454811890199900e+09,3.962979239670971765e+02
1.601454812010299921e+09,3.959796707825556155e+02
1.601454812201999903e+09,3.956652772072757216e+02
1.601454812220200062e+09,3.953552966946613196e+02
1.601454812340199947e+09,3.950502826981161775e+02
1.601454812430200100e+09,3.947507886710435514e+02
1.601454812550499916e+09,3.944417665066912946e+02
1.601454812770699978e+09,3.941237405293362599e+02
1.601454812771199942e+09,3.938425395937087501e+02
1.601454812880199909e+09,3.935548545145211961e+02
1.601454812970299959e+09,3.932612096160508486e+02
1.601454813090399981e+09,3.929762306327157262e+02
1.601454813310199976e+09,3.926848111995103068e+02
1.601454813310699940e+09,3.924015479217262623e+02
1.601454813420200109e+09,3.921113053052315536e+02
1.601454813510200024e+09,3.918442523863474207e+02
1.601454813630300045e+09,3.915867246918305682e+02
1.601454813882800102e+09,3.913235867275487294e+02
1.601454813883399963e+09,3.910694059696671729e+02
1.601454813960099936e+09,3.908246193550834278e+02
1.601454814050199986e+09,3.905896638206949660e+02
1.601454814170200109e+09,3.903508457641320888e+02
1.601454814290199995e+09,3.901241745533217795e+02
1.601454814489000082e+09,3.899100579960349933e+02
1.601454814500200033e+09,3.896933023398868272e+02
1.601454814590100050e+09,3.894884168027895726e+02
1.601454814710200071e+09,3.892957800633873831e+02
1.601454814830300093e+09,3.891157708003252651e+02
1.601454815032000065e+09,3.889190355928239455e+02
1.601454815040100098e+09,3.887356269606986530e+02
1.601454815130100012e+09,3.885658653243408480e+02
1.601454815250200033e+09,3.883944695439861334e+02
1.601454815370199919e+09,3.882358614501670786e+02
1.601454815460200071e+09,3.880903323341486271e+02
1.601454815630300045e+09,3.879581734871960066e+02
1.601454815700200081e+09,3.878396762005741607e+02
1.601454815790199995e+09,3.877351317655481466e+02
1.601454815910200119e+09,3.876307009341155094e+02
1.601454816143500090e+09,3.875266458684147324e+02
1.601454816150099993e+09,3.874373301407254644e+02
1.601454816240200043e+09,3.873629867840597285e+02
1.601454816330199957e+09,3.873038488314295478e+02
1.601454816450299978e+09,3.872460187765794331e+02
1.601454816540199995e+09,3.872053020835509187e+02
1.601454816706399918e+09,3.871819026562295676e+02
1.601454816780200005e+09,3.871760243985008287e+02
1.601454816870199919e+09,3.872034727744064071e+02
1.601454816990200043e+09,3.872347487175346714e+02
1.601454817080199957e+09,3.872841866710387535e+02
1.601454817245300055e+09,3.873363889786481309e+02
1.601454817320199966e+09,3.873915304151219061e+02
1.601454817410200119e+09,3.874497566260924941e+02
1.601454817530200005e+09,3.875253146673334754e+02
1.601454817650300026e+09,3.876027194951948900e+02
1.601454817740299940e+09,3.876805874761677728e+02
1.601454817933900118e+09,3.877731074077724998e+02
1.601454817950200081e+09,3.878803375482622755e+02
1.601454818070100069e+09,3.879726040564664800e+02
1.601454818190200090e+09,3.880640374716526821e+02
1.601454818383800030e+09,3.881687392039618203e+02
1.601454818400199890e+09,3.882710785641114626e+02
1.601454818490099907e+09,3.883851278331159733e+02
1.601454818610199928e+09,3.884952271925665173e+02
1.601454818730200052e+09,3.886012892550834295e+02
1.601454818983999968e+09,3.887031975041607552e+02
1.601454818984499931e+09,3.888149368334334781e+02
1.601454819030200005e+09,3.889363615972690695e+02
1.601454819150099993e+09,3.890673261500349440e+02
1.601454819270200014e+09,3.891920832859427151e+02
1.601454819497600079e+09,3.893245887695007355e+02
1.601454819498100042e+09,3.894646678259500732e+02
1.601454819600199938e+09,3.895824135811080851e+02
1.601454819690200090e+09,3.897073251013864024e+02
1.601454819810100079e+09,3.898391693537727747e+02
1.601454819900199890e+09,3.899777133052552927e+02
1.601454820060300112e+09,3.901227239228218764e+02
1.601454820140199900e+09,3.902739681734604460e+02
1.601454820230200052e+09,3.904156114640030637e+02
1.601454820350199938e+09,3.905473916323110757e+02
1.601454820440200090e+09,3.906987494865431358e+02
1.601454820600300074e+09,3.908240892049809077e+02
1.601454820680200100e+09,3.909528224666565279e+02
1.601454820770200014e+09,3.910846288511784792e+02
1.601454820890199900e+09,3.912191879381551871e+02
1.601454820980200052e+09,3.913561793071949637e+02
1.601454821200500011e+09,3.914952825379064620e+02
1.601454821220400095e+09,3.916361772098979372e+02
1.601454821310199976e+09,3.917785429027778150e+02
1.601454821430200100e+09,3.919220591961547484e+02
1.601454821520299911e+09,3.920522751303695372e+02
1.601454821772000074e+09,3.921844427160601185e+02
1.601454821772500038e+09,3.923182124037085146e+02
1.601454821850199938e+09,3.924532346437965202e+02
1.601454821970200062e+09,3.925891598868063284e+02
1.601454822090199947e+09,3.927256385832195633e+02
1.601454822180200100e+09,3.928623211835184179e+02
1.601454822339999914e+09,3.929988581381846870e+02
1.601454822390199900e+09,3.931505014578564214e+02
1.601454822510200024e+09,3.933028001828745346e+02
1.601454822630199909e+09,3.934413033535799400e+02
1.601454822720200062e+09,3.935812629806105747e+02
1.601454822881000042e+09,3.937364600537159731e+02
1.601454822960099936e+09,3.938768420530809635e+02
1.601454823050199986e+09,3.940317915286110519e+02
1.601454823170099974e+09,3.941712559604911235e+02
1.601454823260200024e+09,3.943104873593591151e+02
1.601454823420900106e+09,3.944491361756969923e+02
1.601454823470099926e+09,3.945868528599867204e+02
1.601454823590199947e+09,3.947388894228662934e+02
1.601454823710099936e+09,3.948751933445205964e+02
1.601454823800199986e+09,3.950251471748550216e+02
1.601454823962199926e+09,3.951742999542105963e+02
1.601454824040100098e+09,3.953223312621956893e+02
1.601454824130100012e+09,3.954689206784187832e+02
1.601454824250200033e+09,3.956137477824884741e+02
1.601454824340100050e+09,3.957423616147455618e+02
1.601454824563400030e+09,3.958700141858279835e+02
1.601454824580199957e+09,3.959963559462176477e+02
1.601454824670200109e+09,3.961210373463963492e+02
1.601454824790199995e+09,3.962437088368463378e+02
1.601454824880300045e+09,3.963640208680494652e+02
1.601454825132800102e+09,3.964816238904876400e+02
1.601454825133300066e+09,3.966117699147987992e+02
1.601454825210099936e+09,3.967400079813237994e+02
1.601454825330199957e+09,3.968660176696711801e+02
1.601454825420200109e+09,3.969894785594495374e+02
1.601454825540199995e+09,3.971100702302670697e+02
1.601454825702300072e+09,3.972133417224648042e+02
1.601454825750099897e+09,3.973286755859481900e+02
1.601454825870300055e+09,3.974557514003257666e+02
1.601454825960099936e+09,3.975801473350647939e+02
1.601454826080199957e+09,3.976874415596329300e+02
1.601454826244299889e+09,3.977929152137945152e+02
1.601454826290100098e+09,3.978962478771578617e+02
1.601454826410200119e+09,3.979971191293316792e+02
1.601454826530200005e+09,3.980952085499242230e+02
1.601454826620199919e+09,3.981901957185439755e+02
1.601454826782299995e+09,3.982817602147994194e+02
1.601454826830199957e+09,3.983851831784550086e+02
1.601454826950200081e+09,3.984860427789781170e+02
1.601454827070199966e+09,3.985840477251038010e+02
1.601454827160200119e+09,3.986789067255668897e+02
1.601454827351799965e+09,3.987703284891024964e+02
1.601454827370100021e+09,3.988736232846014218e+02
1.601454827490099907e+09,3.989743984106576704e+02
1.601454827610199928e+09,3.990723917051327589e+02
1.601454827700200081e+09,3.991532104666205214e+02
1.601454827953299999e+09,3.992321649640119858e+02
1.601454827953799963e+09,3.993089639060420950e+02
1.601454828030200005e+09,3.993833160014458485e+02
1.601454828150099993e+09,3.994549299589581324e+02
1.601454828240200043e+09,3.995391160474698609e+02
1.601454828493599892e+09,3.996214815655750954e+02
1.601454828494100094e+09,3.997017643511351821e+02
1.601454828570199966e+09,3.997797022420115240e+02
1.601454828690200090e+09,3.998550330760658653e+02
1.601454828780100107e+09,3.999274946911593815e+02
1.601454828900300026e+09,3.999968249251537031e+02
1.601454829061500072e+09,4.000783631760662047e+02
1.601454829110100031e+09,4.001577458716172373e+02
1.601454829230099916e+09,4.002347399787950053e+02
1.601454829320199966e+09,4.003091124645872583e+02
1.601454829440200090e+09,4.003806302959819732e+02
1.601454829602299929e+09,4.004490604399673543e+02
1.601454829650199890e+09,4.005156408844194402e+02
1.601454829770200014e+09,4.005816096172150083e+02
1.601454829860199928e+09,4.006608641446095476e+02
1.601454829980299950e+09,4.007234684632938411e+02
1.601454830181900024e+09,4.007847911004118941e+02
1.601454830190099955e+09,4.008587295622192528e+02
1.601454830310100079e+09,4.009153478454066999e+02
1.601454830430799961e+09,4.009700144771183545e+02
1.601454830520200014e+09,4.010380979844982789e+02
1.601454830713799953e+09,4.011052639243931708e+02
1.601454830730099916e+09,4.011713083929176378e+02
1.601454830850199938e+09,4.012360274861861740e+02
1.601454830970200062e+09,4.012992173003132166e+02
1.601454831060199976e+09,4.013606739314132597e+02
1.601454831318200111e+09,4.014201934756006835e+02
1.601454831318700075e+09,4.014931735891460107e+02
1.601454831420200109e+09,4.015497073978667117e+02
1.601454831510200024e+09,4.016193230973007076e+02
1.601454831600199938e+09,4.016823452099638416e+02
1.601454831853499889e+09,4.017448885425380922e+02
1.601454831854099989e+09,4.018069530950813260e+02
1.601454831930099964e+09,4.018685388675934291e+02
1.601454832050199986e+09,4.019296458600745154e+02
1.601454832140199900e+09,4.019902740725245849e+02
1.601454832260200024e+09,4.020504235049435238e+02
1.601454832422300100e+09,4.021100941573314458e+02
1.601454832470200062e+09,4.021692860296882941e+02
1.601454832590199947e+09,4.022279991220141255e+02
1.601454832680200100e+09,4.022862334343088833e+02
1.601454832800299883e+09,4.023439889665725673e+02
1.601454832961400032e+09,4.024012657188051776e+02
1.601454833010099888e+09,4.024580636910067142e+02
1.601454833130199909e+09,4.025143828831772339e+02
1.601454833220200062e+09,4.025702232953166799e+02
1.601454833340199947e+09,4.026255849274250522e+02
1.601454833533999920e+09,4.026804677795024077e+02
1.601454833550199986e+09,4.027348718515486894e+02
1.601454833670099974e+09,4.027887971435638974e+02
1.601454833760200024e+09,4.028422436555480317e+02
1.601454833880199909e+09,4.028952113875011491e+02
1.601454834071899891e+09,4.029477003394231929e+02
1.601454834090199947e+09,4.029997105113141629e+02
1.601454834210200071e+09,4.030512419031741160e+02
1.601454834300199986e+09,4.031022945150029386e+02
1.601454834420200109e+09,4.031528683468007443e+02
1.601454834674099922e+09,4.032029633985675332e+02
1.601454834674599886e+09,4.032525796703031915e+02
1.601454834750200033e+09,4.033017171620078329e+02
1.601454834870300055e+09,4.033503758736814007e+02
1.601454834960200071e+09,4.033985558053238947e+02
1.601454835080300093e+09,4.034462569569353718e+02
1.601454835244499922e+09,4.034934793285157753e+02
1.601454835290299892e+09,4.035402229200651050e+02
1.601454835410300016e+09,4.035864877315833610e+02
1.601454835500299931e+09,4.036322737630706001e+02
1.601454835620300055e+09,4.036775810145267656e+02
1.601454835813899994e+09,4.037224094859518573e+02
1.601454835830199957e+09,4.037667591773459321e+02
1.601454835950299978e+09,4.038106300887089333e+02
1.601454836040199995e+09,4.038540222200408607e+02
1.601454836160099983e+09,4.038969355713417144e+02
1.601454836384299994e+09,4.039393701426115513e+02
1.601454836384799957e+09,4.039813259338503144e+02
1.601454836490200043e+09,4.040228029450580038e+02
1.601454836580100060e+09,4.040638011762346196e+02
1.601454836700299978e+09,4.041043206273802184e+02
1.601454836894399881e+09,4.041443612984947436e+02
1.601454836910200119e+09,4.041839231895781950e+02
