Time,HR,RR
1607019134.8524,95,693
1607019135.8685,93,672
1607019136.8568,94,633
1607019137.9066,94,606
1607019138.8369,97,599
1607019139.8568,97,691
1607019140.8468,97,746
1607019141.8365,92,782
1607019142.9758,90,785
1607019143.8468,88,768
1607019144.8367,86,746
1607019145.8565,86,739
1607019146.9028,85,746
1607019147.8368,85,695
1607019148.8865,86,704
1607019149.8764,86,770
1607019150.8662,85,751
1607019151.9159,84,894
1607019152.8461,83,889
1607019153.8362,81,842
1607019154.8562,79,819
1607019155.8468,79,809
1607019156.8364,79,770
1607019157.8562,79,768
1607019158.8460,79,843
1607019159.8360,79,866
1607019160.9085,78,964
1607019161.8462,77,959
1607019162.8358,76,883
1607019163.8257,75,904
1607019164.8456,74,902
1607019165.9454,73,886
1607019166.8257,73,877
1607019167.8456,73,925
1607019168.8355,72,838
1607019169.9056,72,823
1607019170.8456,72,842
1607019171.8356,72,856
1607019172.8255,72,841
1607019173.8452,72,820
1607019174.9446,73,837
1607019175.8254,73,818
1607019176.8452,73,823
1607019177.8351,73,791
1607019178.8762,74,803
1607019179.8455,74,857
1607019180.8352,74,843
1607019181.8250,74,863
1607019182.8749,74,898
1607019183.9453,73,944
1607019184.8251,73,950
1607019185.8448,72,893
1607019186.8348,71,893
1607019187.8488,71,922
1607019188.9538,70,850
1607019189.8349,70,858
1607019190.8246,70,903
1607019191.8446,70,959
1607019192.8912,70,924
1607019193.8247,70,958
1607019194.8446,69,969
1607019195.8345,68,859
1607019196.8457,69,851
1607019197.9538,69,832
1607019198.8345,69,795
1607019199.8243,70,847
1607019200.8442,70,926
1607019201.9154,70,923
1607019202.8243,69,927
1607019203.8743,69,914
1607019204.8341,69,868
1607019205.8240,69,820
1607019206.9556,69,850
1607019207.8341,70,906
1607019208.8238,69,910
1607019209.8438,69,938
1607019210.8546,69,980
1607019212.0027,68,970
1607019212.8437,68,834
1607019213.8335,69,710
1607019214.8235,70,681
1607019215.8922,72,804
1607019216.8638,73,1142
1607019217.8234,73,1049
1607019218.8433,71,979
1607019219.8332,70,938
1607019220.9639,69,943
1607019221.8435,69,925
1607019222.8332,69,812
1607019223.8231,69,762
1607019224.8943,70,728
1607019225.8334,71,796
1607019226.8232,72,1048
1607019227.8430,71,1005
1607019228.8335,70,902
1607019229.9045,70,811
1607019230.8430,71,643
1607019231.8329,75,656
1607019232.8227,77,727
1607019233.8938,78,977
1607019234.8329,78,1010
1607019235.8228,76,973
1607019236.8427,74,941
1607019237.8625,73,859
1607019238.9040,73,820
1607019239.8427,73,818
1607019240.8326,73,842
1607019241.8224,73,927
1607019242.8601,73,1013
1607019243.8327,72,1037
1607019244.8224,70,1003
1607019245.8423,69,877
1607019246.8322,69,890
1607019247.9038,69,878
1607019248.8725,69,836
1607019249.8623,69,879
1607019250.8220,70,981
1607019251.8419,69,1000
1607019252.9462,69,930
1607019253.8220,68,956
1607019254.8419,67,931
1607019255.8319,67,838
1607019256.8430,67,841
1607019257.8421,68,814
1607019258.8618,69,851
1607019259.8216,69,846
1607019260.8416,70,918
1607019261.9210,69,1023
1607019262.8217,68,912
1607019263.8416,68,916
1607019264.8314,68,877
1607019265.8454,68,nan
1607019266.9825,68,737
1607019267.8616,71,770
1607019268.8213,71,1051
1607019269.8412,69,976
1607019270.9114,69,970
1607019271.8214,68,910
1607019272.8412,68,818
1607019273.8311,69,781
1607019274.8708,70,809
1607019275.9526,71,910
1607019276.8312,71,1052
1607019277.8210,70,1117
1607019278.8408,69,1056
1607019279.8519,67,946
1607019280.8211,67,916
1607019281.8710,67,884
1607019282.8608,67,771
1607019283.8506,68,768
1607019284.9777,69,790
1607019285.8310,70,903
1607019286.8207,71,984
1607019287.8405,70,1058
1607019288.8552,69,1036
1607019290.0178,67,946
1607019290.8706,68,808
1607019291.8306,68,789
1607019292.8203,69,804
1607019293.9209,70,826
1607019294.8304,70,887
1607019295.8203,70,966
1607019296.8402,70,799
1607019297.8508,70,788
1607019298.9600,71,784
1607019299.8401,71,846
1607019300.8302,72,844
1607019301.8201,72,902
1607019302.8988,71,1046
1607019303.8304,70,927
1607019304.8199,69,894
1607019305.8399,69,839
1607019306.8299,69,nan
1607019307.9607,70,731
1607019308.8400,71,789
1607019309.8298,72,1218
1607019310.8197,71,1110
1607019311.8674,66,1042
1607019312.8297,66,958
1607019313.8197,65,850
1607019314.8695,66,794
1607019315.8594,67,785
1607019316.8983,68,810
1607019317.8395,69,873
1607019318.8292,69,911
1607019319.8192,68,1055
1607019320.8392,67,943
1607019321.8297,67,885
1607019322.8192,67,830
1607019323.8392,68,797
1607019324.8291,69,816
1607019325.9004,70,820
1607019326.8438,70,867
1607019327.8356,71,835
1607019328.8278,71,882
1607019329.8498,71,830
1607019330.9526,71,779
1607019331.8338,72,778
1607019332.8554,73,762
1607019333.8470,75,719
1607019334.9801,76,701
1607019335.8603,77,750
1607019336.8514,78,802
1607019337.8424,78,812
1607019338.8636,77,854
1607019339.9357,77,900
1607019340.8759,76,793
1607019341.8668,76,751
1607019342.8877,77,787
1607019343.8699,77,800
1607019344.8697,77,803
1607019345.8602,77,849
1607019346.8507,77,1068
1607019347.9014,74,1026
1607019348.9515,73,840
1607019349.8836,73,816
1607019350.8731,73,793
1607019351.8634,73,nan
1607019352.8743,74,733
1607019354.0143,75,802
1607019354.8649,74,1137
1607019355.8551,73,969
1607019356.8754,71,918
1607019357.8827,71,857
1607019358.8564,71,727
1607019359.8762,72,722
1607019360.8665,74,781
1607019361.8826,74,793
1607019362.9667,75,875
1607019363.8674,74,993
1607019364.8575,73,870
1607019365.8776,72,807
1607019366.8895,73,779
1607019367.9958,73,727
1607019368.8781,74,759
1607019369.8683,75,861
1607019370.8583,75,960
1607019371.9631,75,978