Time,GSR,Temp(C)
1602579240.3412,59,34.81
1602579241.0011,52,34.81
1602579241.6916,37,34.81
1602579242.3509,32,34.81
1602579243.0407,31,34.81
1602579243.7314,33,34.81
1602579244.3911,37,34.81
1602579245.0808,38,34.81
1602579245.7408,37,34.81
1602579246.4307,34,34.81
1602579247.0911,33,34.88
1602579247.7809,34,34.88
1602579248.4405,20,34.88
1602579249.1308,12,34.81
1602579249.7910,13,34.88
1602579250.4807,14,34.81
1602579251.1708,17,34.88
1602579251.8307,25,34.88
1602579252.5203,38,34.88
1602579253.1807,42,34.88
1602579253.8709,21,34.88
1602579254.5299,2,34.88
1602579255.2201,1,34.88
1602579255.8800,1,34.88
1602579256.5705,1,34.88
1602579257.2606,1,34.88
1602579257.9554,1,34.88
1602579258.5802,1,34.88
1602579259.2704,1,34.88
1602579259.9302,1,34.88
1602579260.6199,1,34.88
1602579261.2805,1,34.88
1602579261.9700,1,34.88
1602579262.6300,1,34.88
1602579263.3199,1,34.88
1602579263.9803,3,34.88
1602579264.7066,4,34.88
1602579265.3298,3,34.88
1602579266.0195,4,34.88
1602579266.6799,7,34.88
1602579267.3696,4,34.88
1602579268.0298,1,34.88
1602579268.7193,1,34.88
1602579269.4095,0,34.88
1602579270.0698,1,34.88
1602579270.7594,1,34.94
1602579271.4548,1,34.88
1602579272.1094,5,34.88
1602579272.7696,10,34.88
1602579273.4595,13,34.88
1602579274.1197,17,34.88
1602579274.8455,18,34.94
1602579275.4692,19,34.94
1602579276.1595,20,34.94
1602579276.8193,4,34.94
1602579277.5089,1,34.94
1602579278.2070,1,34.94
1602579278.8592,1,34.94
1602579279.5192,1,34.88
1602579280.2092,6,34.94
1602579280.8689,10,34.94
1602579281.5684,2,34.88
1602579282.2188,1,34.94
1602579282.9090,1,34.94
1602579283.5692,1,34.94
1602579284.2587,1,34.94
1602579284.9589,1,34.94
1602579285.6088,1,34.94
1602579286.2988,1,34.94
1602579286.9583,1,34.94
1602579287.6489,1,34.94
1602579288.3180,1,34.94
1602579288.9982,1,34.94
1602579289.6585,1,34.94
1602579290.3486,1,34.94
1602579291.0082,0,34.94
1602579291.7085,1,35.00
1602579292.3577,0,34.94
1602579293.0490,1,35.00
1602579293.7087,1,35.00
1602579294.3984,1,34.94
1602579295.0681,1,35.00
1602579295.7485,1,35.00
1602579296.4081,1,35.00
1602579297.0980,1,35.00
1602579297.7581,1,35.00
1602579298.4476,1,35.00
1602579299.1078,1,35.00
1602579299.7985,1,35.00
1602579300.4577,1,35.00
1602579301.1482,1,35.00
1602579301.8167,1,35.00
1602579302.4978,1,35.00
1602579303.1579,0,35.00
1602579303.8481,0,35.00
1602579304.5079,1,35.00
1602579305.1977,0,35.00
1602579305.8581,1,35.00
1602579306.5476,1,35.00
1602579307.2077,0,35.00
1602579307.8975,1,35.00
1602579308.5959,1,35.00
1602579309.2475,1,35.00
1602579309.9080,1,35.06
1602579310.5973,1,35.00
1602579311.2576,0,35.00
1602579311.9473,0,35.06
1602579312.6073,1,35.00
1602579313.2969,1,35.06
1602579313.9578,1,35.06
1602579314.6471,1,35.06
1602579315.3070,1,35.00
1602579315.9970,1,35.06
1602579316.6567,1,35.06
1602579317.3474,1,35.06
1602579318.0071,1,35.06
1602579318.6965,1,35.06
1602579319.3568,1,35.06
1602579320.0469,1,35.06
1602579320.7370,0,35.06
1602579321.3964,1,35.06
1602579322.0872,1,35.06
1602579322.7467,0,35.06
1602579323.4367,1,35.06
1602579324.0964,1,35.06
1602579324.7868,1,35.06
1602579325.4464,1,35.06
1602579326.1365,1,35.06
1602579326.7963,1,35.13
1602579327.4864,1,35.06
1602579328.1465,1,35.13
1602579328.8363,0,35.13
1602579329.4960,1,35.13
1602579330.1864,1,35.13
1602579330.8464,0,35.13
1602579331.5366,1,35.13
1602579332.1957,0,35.13
1602579332.8861,1,35.13
1602579333.5461,0,35.13
1602579334.2360,1,35.13
1602579334.8958,1,35.13
1602579335.5859,0,35.13
1602579336.2456,1,35.13
1602579336.9362,1,35.13
1602579337.5956,1,35.13
1602579338.2859,1,35.13
1602579338.9457,1,35.13
1602579339.6359,1,35.13
1602579340.2958,1,35.19
1602579340.9859,0,35.13
1602579341.6459,1,35.13
1602579342.3353,1,35.19
1602579342.9956,0,35.19
1602579343.6858,1,35.19
1602579344.3458,1,35.19
1602579345.0354,1,35.19
1602579345.6954,1,35.19
1602579346.3853,1,35.19
1602579347.0455,0,35.19
1602579347.7353,0,35.19
1602579348.3949,1,35.19
1602579349.0851,1,35.19
1602579349.7455,1,35.19
1602579350.4350,0,35.19
1602579351.0953,1,35.19
1602579351.8234,1,35.25
1602579352.4447,1,35.19
1602579353.1347,1,35.19
1602579353.7955,1,35.19
1602579354.4850,1,35.19
1602579355.1451,1,35.25
1602579355.8345,1,35.19
1602579356.4945,1,35.25
1602579357.1851,1,35.19
1602579357.8451,1,35.25
1602579358.5751,1,35.19
1602579359.1945,1,35.25
1602579359.8850,1,35.25
1602579360.5744,1,35.25
1602579361.2343,1,35.25
1602579361.9651,1,35.25
1602579362.5844,1,35.25
1602579363.2745,1,35.25
1602579363.9350,1,35.25
1602579364.6244,1,35.25
1602579365.3234,1,35.25
1602579365.9745,0,35.25
1602579366.6347,1,35.25
1602579367.3244,1,35.25
1602579367.9846,1,35.25
1602579368.6833,1,35.25
1602579369.3335,1,35.25
1602579370.0244,0,35.25
1602579370.6841,1,35.25
1602579371.3734,0,35.25
1602579372.0727,1,35.31
1602579372.7239,1,35.31
1602579373.3841,0,35.25
1602579374.0739,0,35.25
1602579374.7340,1,35.31
1602579375.4234,1,35.31
1602579376.0839,1,35.31
1602579376.7736,1,35.31
1602579377.4338,1,35.31
1602579378.1240,1,35.31
1602579378.8228,1,35.31
1602579379.4733,1,35.31
1602579380.1339,0,35.31
1602579380.8236,1,35.31
1602579381.4834,1,35.31
1602579382.1814,1,35.31
1602579382.8335,1,35.31
1602579383.5230,1,35.31
1602579384.1836,1,35.31
1602579384.8731,1,35.31
1602579385.5676,1,35.31
1602579386.2235,0,35.31
1602579386.8832,1,35.31
1602579387.5731,1,35.31
1602579388.2335,1,35.38
1602579388.9329,1,35.31
1602579389.5830,1,35.31
1602579390.2730,1,35.38
1602579390.9330,1,35.31
1602579391.6230,1,35.31
1602579392.3221,1,35.31
1602579392.9724,1,35.38
1602579393.6329,0,35.38
1602579394.3234,0,35.38
1602579394.9829,0,35.38
1602579395.6811,1,35.38
1602579396.3324,0,35.31
1602579397.0227,1,35.38
1602579397.6830,0,35.38
1602579398.3731,1,35.38
1602579399.0378,0,35.31