Time,HR,RR
1607170857.7585,48,1507
1607170858.7464,48,nan
1607170859.7969,48,nan
1607170860.7563,47,1475
1607170861.7463,46,1476
1607170862.7362,45,3078
1607170863.7562,45,1454
1607170864.8060,44,1268
1607170865.7364,44,912
1607170866.7564,45,857
1607170867.7461,45,nan
1607170868.7659,45,1005
1607170869.8695,47,1462
1607170871.0618,47,nan
1607170871.7370,48,1650
1607170872.8101,47,1531
1607170873.8054,47,nan
1607170874.7380,46,1421
1607170875.7596,46,1448
1607170876.7488,45,1388
1607170877.7441,45,1128
1607170878.8862,45,nan
1607170879.7466,46,1213
1607170880.7383,46,1525
1607170881.7568,46,nan
1607170882.8460,46,1568
1607170883.7402,46,1603
1607170884.7579,46,nan
1607170885.7462,45,1538
1607170886.7366,44,1492
1607170887.8237,44,1357
1607170888.7467,44,1207
1607170889.7478,44,nan
1607170890.7574,44,1261
1607170891.7518,45,1222
1607170892.7667,45,1399
1607170893.7606,45,1191
1607170894.7466,45,nan
1607170895.7447,46,1052
1607170896.8251,47,1380
1607170897.7476,47,1285
1607170898.7396,47,1344
1607170899.7585,47,1381
1607170900.8135,47,1184
1607170901.8681,47,nan
1607170902.7567,47,973
1607170903.7464,48,1014
1607170904.7362,49,1387
1607170905.8199,49,nan
1607170906.7464,50,1336
1607170907.7364,49,1375
1607170908.7566,49,1440
1607170909.7470,48,1448
1607170910.8673,48,nan
1607170911.7569,48,1312
1607170912.7477,47,1104
1607170913.7363,48,1247
1607170914.8184,48,nan
1607170915.7470,48,1467
1607170916.7678,48,1360
1607170917.7570,48,1225
1607170918.7769,48,nan
1607170919.8487,48,1392
1607170920.7880,48,1427
1607170922.3624,47,1258
1607170922.7376,47,1109
1607170923.7587,47,nan
1607170924.8842,48,1306
1607170925.7674,48,1447
1607170926.7572,48,nan
1607170927.7477,48,1377
1607170928.7683,47,1425
1607170929.7618,47,1441
1607170930.7464,46,1344
1607170931.7365,46,nan
1607170932.7565,46,1354
1607170933.8414,46,1341
1607170934.7428,46,1282
1607170935.7561,46,1249
1607170936.7465,46,nan
1607170937.7720,46,1261
1607170938.8786,47,1315
1607170939.7474,47,1321
1607170940.7371,47,nan
1607170941.7564,47,1267
1607170942.8443,47,1291
1607170943.7433,47,1338
1607170944.7580,47,1298
1607170945.7457,47,1311
1607170946.7745,47,1226
1607170947.9002,47,977
1607170948.7477,48,920
1607170949.7600,50,963
1607170950.7552,50,nan
1607170951.7672,51,1035
1607170952.7357,52,1351
1607170953.7555,52,1398
1607170954.7452,52,nan
1607170955.7353,52,1328
1607170956.8659,51,1357
1607170957.7456,50,1387
1607170958.7653,50,nan
1607170959.7553,50,1322
1607170960.7697,49,1292
1607170961.8844,49,1359
1607170962.7556,49,1245
1607170963.7452,49,1033
1607170964.7351,49,1048
1607170965.8372,49,nan
1607170966.7455,50,1149
1607170967.7351,51,1319
1607170968.7251,51,1287
1607170969.7657,50,1333
1607170970.8727,50,nan
1607170971.7253,50,1284
1607170972.7451,50,1313
1607170973.7350,49,1271
1607170974.7768,49,1187
1607170975.7453,49,nan
1607170976.7351,49,1274
1607170977.7251,49,1312
1607170978.7449,49,1323
1607170979.8482,49,1262
1607170980.7251,49,1134
1607170981.7450,49,1125
1607170982.7350,50,943
1607170983.7744,51,936
1607170984.8849,52,1002
1607170985.7651,52,nan
1607170986.7250,53,1287
1607170987.7449,53,1331
1607170988.8159,53,1399
1607170989.7250,53,nan
1607170990.7450,52,1353
1607170991.7648,51,1306
1607170992.7549,51,1349
1607170993.8838,51,nan
1607170994.7350,50,1374
1607170995.7250,50,1328
1607170996.7447,49,1310
1607170997.8177,49,nan
1607170998.7252,49,1333
1607170999.7450,49,1337
1607171000.7348,49,1309
1607171001.7247,49,nan
1607171002.8268,48,1342
1607171003.7349,48,1404
1607171004.7548,48,1389
1607171005.7447,47,1323
1607171006.7938,47,nan
1607171007.7251,47,1339
1607171008.7448,47,1358
1607171009.7347,47,1324
1607171010.7245,47,1326
1607171011.8018,47,1202
1607171012.7348,47,927
1607171013.7246,48,883
1607171014.7445,50,872
1607171015.7344,52,1016
1607171016.7247,52,nan
1607171017.7445,53,1314
1607171018.7344,53,1304
1607171019.7243,53,1379
1607171020.7970,53,nan
1607171021.7644,52,1443
1607171022.7245,51,1361
1607171023.7442,51,1316
1607171024.7942,50,1286
1607171025.8335,50,1222
1607171026.7443,50,1058
1607171027.7343,50,989
1607171028.7241,50,nan
1607171029.7441,51,1096
1607171030.7345,52,1204
1607171031.7243,52,1098
1607171032.7442,52,1038
1607171033.7341,53,1216
1607171034.8058,53,1219
1607171035.7445,53,943
1607171036.7342,55,873
1607171037.7241,56,890
1607171038.7442,57,857
1607171039.8461,59,859
1607171040.7243,61,872
1607171041.7441,62,844
1607171042.7340,63,790
1607171043.8063,64,778
1607171044.7443,66,803
1607171045.7342,67,886
1607171046.7241,68,969
1607171047.7441,67,994
1607171048.8530,67,879
1607171049.7245,67,849
1607171050.7442,67,878
1607171051.7341,68,968
1607171052.7462,68,nan
1607171053.7444,67,1116
1607171054.7342,67,1147
1607171055.7241,65,1249
1607171056.7439,64,1300
1607171057.8144,62,1070
1607171058.7543,61,1058
1607171059.7440,61,1209
1607171060.7336,60,1178
1607171061.7421,60,nan
1607171062.8630,59,1063
1607171063.7340,59,1126
1607171064.7238,59,nan
1607171065.7436,59,1490
1607171066.7834,58,1450
1607171067.7541,56,1277
1607171068.7437,56,nan
1607171069.7637,55,1342
1607171070.7432,54,1420
1607171071.8538,53,1361
1607171072.7341,52,1396
1607171073.7237,52,nan
1607171074.7435,52,1399
1607171075.7532,51,1244
1607171076.8635,50,1291
1607171077.7435,50,1137
1607171078.7337,50,975
1607171079.7235,50,nan
1607171080.8241,51,951
1607171081.7336,52,1328
1607171082.7236,53,1640
1607171083.7435,53,nan
1607171084.7552,52,1430
1607171085.8625,50,1367
1607171086.7736,50,1326
1607171087.7334,50,nan
1607171088.7234,49,1156
1607171089.7952,49,1471
1607171090.7337,49,1445
1607171091.7536,49,1263
1607171092.7435,48,1289
1607171093.7333,48,nan
1607171094.8613,48,1145
1607171095.7436,48,1038
1607171096.7334,49,1307
1607171097.7232,49,nan
1607171098.7950,50,1499
1607171099.7337,49,1402
1607171100.7239,48,1372
1607171101.7434,48,nan
1607171102.7333,48,1354
1607171103.8038,48,1258
1607171104.7437,48,1341
1607171105.7334,48,1388
1607171106.7233,48,nan
1607171107.7638,47,1254
1607171108.8799,47,1168
1607171109.7236,48,1423