Time,GSR
1601472289.4619,301
1601472289.5524,301
1601472289.6719,302
1601472289.7619,301
1601472289.8818,301
1601472290.0019,301
1601472290.0919,301
1601472290.2119,301
1601472290.3018,301
1601472290.4219,301
1601472290.5419,301
1601472290.6318,301
1601472290.7518,301
1601472290.8718,301
1601472290.9618,301
1601472291.0818,301
1601472291.1719,301
1601472291.2918,301
1601472291.4119,301
1601472291.5018,301
1601472291.6219,301
1601472291.7119,301
1601472291.8319,300
1601472291.9518,300
1601472292.0418,300
1601472292.1619,300
1601472292.2518,301
1601472292.3718,301
1601472292.4919,301
1601472292.5819,301
1601472292.8136,301
1601472292.8218,301
1601472292.9119,301
1601472293.0318,301
1601472293.1218,301
1601472293.3838,301
1601472293.3843,301
1601472293.4519,301
1601472293.5718,301
1601472293.6619,301
1601472293.9283,301
1601472293.9287,301
1601472293.9919,301
1601472294.1119,301
1601472294.2019,301
1601472294.3218,301
1601472294.4917,301
1601472294.5318,301
1601472294.6519,301
1601472294.7419,301
1601472294.8619,301
1601472295.0307,301
1601472295.0719,301
1601472295.1919,301
1601472295.3118,300
1601472295.4019,300
1601472295.5718,300
1601472295.6119,300
1601472295.7319,299
1601472295.8518,299
1601472295.9419,299
1601472296.1728,299
1601472296.1732,298
1601472296.2718,298
1601472296.3918,297
1601472296.4818,297
1601472296.7434,297
1601472296.7439,297
1601472296.8419,297
1601472296.9318,296
1601472297.0218,296
1601472297.2758,296
1601472297.2762,296
1601472297.3519,295
1601472297.4718,295
1601472297.5919,295
1601472297.6818,294
1601472297.8437,294
1601472297.8919,294
1601472298.0118,294
1601472298.1017,293
1601472298.2219,293
1601472298.3828,293
1601472298.4319,292
1601472298.5519,292
1601472298.6419,292
1601472298.7619,292
1601472298.9617,291
1601472298.9718,291
1601472299.0919,291
1601472299.2119,291
1601472299.3017,291
1601472299.5611,291
1601472299.5616,290
1601472299.6320,290
1601472299.7519,290
1601472299.8432,290
1601472300.1002,290
1601472300.1009,289
1601472300.1721,289
1601472300.2919,288
1601472300.3819,288
1601472300.5017,287
1601472300.6727,287
1601472300.7118,286
1601472300.8320,286
1601472300.9219,286
1601472301.0419,285
1601472301.2118,285
1601472301.2520,284
1601472301.3719,284
1601472301.4619,283
1601472301.5819,283
1601472301.7832,282
1601472301.7919,282
1601472301.9118,282
1601472302.0019,282
1601472302.1218,281
1601472302.3219,281
1601472302.3318,280
1601472302.4518,280
1601472302.5418,280
1601472302.6619,280
1601472302.9232,279
1601472302.9237,279
1601472302.9920,279
1601472303.0819,279
1601472303.2019,279
1601472303.4596,279
1601472303.4601,279
1601472303.5318,279
1601472303.6519,278
1601472303.7418,279
1601472303.8620,279
1601472304.0229,278
1601472304.0719,278
1601472304.1919,278
1601472304.2819,278
1601472304.4018,279
1601472304.5637,279
1601472304.6119,279
1601472304.7318,279
1601472304.8218,279
1601472304.9419,279
1601472305.1377,279
1601472305.1519,279
1601472305.2720,279
1601472305.3619,279
1601472305.4819,279
1601472305.6820,279
1601472305.6919,279
1601472305.8118,279
1601472305.9019,279
1601472306.0219,279
1601472306.2829,279
1601472306.2833,279
1601472306.3519,279
1601472306.4419,279
1601472306.5620,280
1601472306.6820,279
1601472306.8570,279
1601472306.8919,279
1601472306.9819,279
1601472307.1019,280
1601472307.2218,279
1601472307.3917,279
1601472307.4319,279
1601472307.5218,279
1601472307.6420,279
1601472307.7619,279
1601472307.9636,279
1601472307.9718,279
1601472308.0919,279
1601472308.1819,279
1601472308.3019,279
1601472308.5032,279
1601472308.5118,279
1601472308.6319,279
1601472308.7218,279
1601472308.8419,279
1601472309.0437,279
1601472309.0519,279
1601472309.1718,279
1601472309.2619,279
1601472309.3819,279
1601472309.4719,279
1601472309.6440,279
1601472309.7118,279
1601472309.8019,279
1601472309.9220,279
1601472310.0420,279
1601472310.2091,279
1601472310.2518,279
1601472310.3419,279
1601472310.4619,280
1601472310.5820,280
1601472310.7777,280
1601472310.7919,280
1601472310.8820,280
1601472311.0019,280
1601472311.1219,280
1601472311.3152,280
1601472311.3319,280
1601472311.4218,281
1601472311.5418,281
1601472311.6619,281
1601472311.8624,281
1601472311.8718,281
1601472311.9618,281
1601472312.0819,281
1601472312.2019,281
1601472312.4332,281
1601472312.4337,282
1601472312.5318,282
1601472312.6219,282
1601472312.7419,282
1601472312.8319,282
1601472313.0332,282
1601472313.0719,282
1601472313.1619,282
1601472313.2818,283
1601472313.3720,282
1601472313.5737,282
1601472313.6118,283
1601472313.7018,283
1601472313.8219,283
1601472313.9119,283
1601472314.1438,283
1601472314.1518,283
1601472314.2418,283
1601472314.3619,283
1601472314.4819,283
1601472314.6824,283
1601472314.6918,283
1601472314.7818,283
1601472314.9019,284
1601472315.0220,284
1601472315.2231,284
1601472315.2318,284
1601472315.3219,284
1601472315.4419,284
1601472315.5618,284
1601472315.7936,284
1601472315.7941,284
1601472315.8619,285
1601472315.9819,285
1601472316.1019,285
1601472316.1919,285
1601472316.3941,285
1601472316.4018,285
1601472316.5219,285
1601472316.6418,285
1601472316.7319,286
1601472316.9271,286
1601472316.9718,286
1601472317.0619,286
1601472317.1820,286
1601472317.2719,286
1601472317.4981,286
1601472317.5118,286
1601472317.6018,286
1601472317.7218,286
1601472317.8119,287
1601472318.0367,287
1601472318.0519,287
1601472318.1419,287
1601472318.2619,287
1601472318.3519,287
1601472318.6137,287
1601472318.6142,287
1601472318.6820,287
1601472318.8020,286
1601472318.9220,286
1601472319.1536,286
1601472319.1541,286
1601472319.2218,286
1601472319.3418,286
1601472319.4619,286
1601472319.5519,286
1601472319.7516,286
1601472319.7618,286
1601472319.8818,286
1601472320.0018,286
1601472320.0919,286
1601472320.3136,286
1601472320.3141,286
1601472320.4218,286
1601472320.5419,286
1601472320.6318,286
1601472320.8531,286
1601472320.8719,286
1601472320.9619,287
1601472321.0829,286
1601472321.1718,286
1601472321.4322,286
1601472321.4328,286
1601472321.5018,286
1601472321.6218,286
1601472321.7118,287
1601472321.9686,287
1601472321.9692,287
1601472322.0418,287
1601472322.1619,287
1601472322.2518,287
1601472322.5066,287
1601472322.5071,287
1601472322.5818,287
1601472322.7018,287
1601472322.7919,287
1601472322.9119,287
1601472323.1036,287
1601472323.1218,287
1601472323.2418,287
1601472323.3619,288
1601472323.4519,288
1601472323.6769,288
1601472323.6774,288
1601472323.7818,288
1601472323.9018,288
1601472323.9919,288
1601472324.2137,288
1601472324.2142,288
1601472324.3218,288
1601472324.4418,288
1601472324.5318,288
1601472324.6519,288
1601472324.8110,288
1601472324.8618,289
1601472324.9829,289
1601472325.0718,289
1601472325.3252,289
1601472325.3257,288
1601472325.4018,289
1601472325.5218,288
1601472325.6118,289
1601472325.7319,288
1601472325.8926,288
1601472325.9418,288
1601472326.0618,288
1601472326.1518,288
1601472326.2718,288
1601472326.4952,288
1601472326.4957,288
1601472326.6018,287
1601472326.6918,287
1601472326.8118,287
1601472327.0355,287
1601472327.0361,287
1601472327.1418,287
1601472327.2318,287
1601472327.3519,287
1601472327.4720,287
1601472327.6363,287
1601472327.6818,287
1601472327.8018,287
1601472327.8918,287
1601472328.1455,286
1601472328.1460,286
1601472328.2218,286
1601472328.3718,286
1601472328.4318,286
1601472328.6848,285
1601472328.6853,286
1601472328.7618,285
1601472328.8818,285
1601472328.9718,285
1601472329.0918,285
1601472329.2529,285
1601472329.3018,284
1601472329.4229,284
1601472329.5118,283
1601472329.6318,283
1601472329.8552,283
1601472329.8557,283
1601472329.9618,283
1601472330.0518,282
1601472330.1718,282
1601472330.3950,282
1601472330.3955,282
1601472330.5018,282
1601472330.5918,282
1601472330.7118,282
1601472330.9651,282
1601472330.9656,282
1601472331.0418,282
1601472331.1318,282
1601472331.2518,282
1601472331.5026,281
1601472331.5031,281
1601472331.5817,281
1601472331.7018,281
1601472331.7918,281
1601472331.9118,282
1601472332.0739,282
1601472332.1218,282
1601472332.2417,282
1601472332.3317,282
1601472332.4518,282
1601472332.6158,282
1601472332.6618,282
1601472332.8118,282
1601472332.8717,282
1601472332.9918,282
1601472333.2155,282
1601472333.2160,282
1601472333.3218,282
1601472333.4118,283
1601472333.5318,283
1601472333.6218,283
1601472333.7840,283
1601472333.8619,283
1601472333.9518,283
1601472334.0719,283
1601472334.3254,283
1601472334.3259,283
1601472334.4017,283
1601472334.4918,283
1601472334.6118,283
1601472334.7318,282
1601472334.8939,282
1601472334.9417,282
1601472335.0318,282
1601472335.1518,282
1601472335.2718,282
1601472335.4408,282
1601472335.4818,282
1601472335.5718,282
1601472335.6918,282
1601472335.8118,282
1601472335.9730,282
1601472336.0218,282
1601472336.1417,282
1601472336.2317,282
1601472336.3518,281
1601472336.5745,281
1601472336.5750,281
1601472336.6818,281
1601472336.7717,281
1601472336.8918,281
1601472336.9818,280
1601472337.1419,280
1601472337.2218,280
1601472337.3117,279
1601472337.4318,279
1601472337.5217,279
1601472337.6828,279
1601472337.7617,278
1601472337.8518,278
1601472337.9718,278
1601472338.0918,277
1601472338.2519,277
1601472338.3017,276
1601472338.3918,276
1601472338.5118,275
1601472338.6318,275
1601472338.7908,275
1601472338.8418,274
1601472338.9318,274
1601472339.0518,274
1601472339.1718,274
1601472339.3632,274
1601472339.3818,274
1601472339.4718,273
1601472339.5919,273
1601472339.7118,273
1601472339.8018,273
1601472339.9619,273
1601472340.0118,273
1601472340.1318,273
1601472340.2518,273
1601472340.3418,273
1601472340.5051,272
1601472340.5817,273
1601472340.6717,273
1601472340.7919,273
1601472340.8818,273
1601472341.0723,273
1601472341.1218,273
1601472341.2117,273
1601472341.3318,273
1601472341.4217,273
1601472341.6164,274
1601472341.6617,274
1601472341.7517,274
1601472341.8718,274
1601472341.9618,274
1601472342.1544,274
1601472342.2017,275
1601472342.2918,275
1601472342.4117,275
1601472342.5318,275
1601472342.7235,275
1601472342.7417,275
1601472342.8317,275
1601472342.9517,275
1601472343.0718,275
1601472343.1618,275
1601472343.3239,275
1601472343.3717,275
1601472343.4917,275
1601472343.6118,275
1601472343.7018,276
1601472343.8639,276
1601472343.9118,276
1601472344.0317,275
1601472344.1518,276
1601472344.2418,276
1601472344.4376,276
1601472344.4517,276
1601472344.5718,276
1601472344.6918,276
1601472344.7817,276
1601472345.0134,276
1601472345.0217,276
1601472345.1117,276
1601472345.2318,276
1601472345.3218,276
1601472345.5536,276
1601472345.5617,277
1601472345.6517,276
1601472345.7717,277
1601472345.8618,277
1601472346.0916,277
1601472346.1017,277
1601472346.1917,277
1601472346.3118,277
1601472346.4017,277
1601472346.5218,277
1601472346.6849,277
1601472346.7317,277
1601472346.8517,277
1601472347.0017,278
1601472347.0618,278
1601472347.2555,278
1601472347.2718,278
1601472347.3917,278
1601472347.5117,278
1601472347.6017,278
1601472347.7949,278
1601472347.8117,278
1601472347.9318,278
1601472348.0517,278
1601472348.1418,278
1601472348.3651,279
1601472348.3656,279
1601472348.4717,279
1601472348.5918,279
1601472348.6819,279
1601472348.9056,279
1601472348.9218,279
1601472349.0117,279
1601472349.1318,279
1601472349.2217,280
1601472349.4454,279
1601472349.4617,280
1601472349.5517,280
1601472349.6717,280
1601472349.7617,280
1601472349.8818,280
1601472350.0530,280
1601472350.0917,280
1601472350.2117,280
1601472350.3017,280
1601472350.4217,280
1601472350.6193,281
1601472350.6317,281
1601472350.7517,281
1601472350.8418,281
1601472350.9618,281
1601472351.1512,281
1601472351.1717,281
1601472351.2917,281
1601472351.4117,281
1601472351.5017,281
1601472351.7238,282
1601472351.7243,282
1601472351.8617,282
1601472351.9517,282
1601472352.0418,282
1601472352.2630,282
1601472352.2635,282
1601472352.3717,282
1601472352.4917,282
1601472352.5817,283
1601472352.8334,282
1601472352.8341,283
1601472352.9117,283
1601472353.0317,283
1601472353.1217,283
1601472353.2717,283
1601472353.4318,283
1601472353.4517,283
1601472353.5728,283
1601472353.6617,284
1601472353.7817,283
1601472353.9734,283
1601472353.9917,284
1601472354.1118,284
1601472354.2017,284
1601472354.3217,284
1601472354.5436,284
1601472354.5441,284
1601472354.6518,284
1601472354.7418,284
1601472354.8618,284
1601472355.0834,284
1601472355.0839,284
1601472355.1917,284
1601472355.2817,284
1601472355.4017,283
1601472355.6228,283
1601472355.6234,283
1601472355.7317,283
1601472355.8518,282
1601472355.9417,282
1601472356.1931,281
1601472356.1936,281
1601472356.2717,281
1601472356.3917,280
1601472356.4817,280
1601472356.6017,280
1601472356.7930,279
1601472356.8118,278
1601472356.9317,278
1601472357.0217,278
1601472357.1417,277
1601472357.3630,277
1601472357.3636,276
1601472357.4717,275
1601472357.5617,275
1601472357.6817,274
1601472357.9024,274
1601472357.9029,273
1601472358.0117,273
1601472358.1017,272
1601472358.2217,271
1601472358.4433,271
1601472358.4439,270
1601472358.5517,269
1601472358.6418,268
1601472358.7618,267
1601472358.8819,267
1601472359.0420,266
1601472359.0917,266
1601472359.1817,265
1601472359.3018,265
1601472359.5533,264
1601472359.5538,264
1601472359.6318,264
1601472359.7518,263
1601472359.8417,263
1601472359.9618,263
1601472360.1537,263
1601472360.1718,262
1601472360.2917,261
1601472360.3818,261
1601472360.5018,261
1601472360.7227,261
1601472360.7233,260
1601472360.8318,260
1601472360.9518,259
1601472361.0417,260
1601472361.2630,259
1601472361.2635,259
1601472361.3717,259
1601472361.4618,258
1601472361.5818,258
1601472361.6718,259
1601472361.8319,259
1601472361.9118,258
1601472362.0017,258
1601472362.1218,258
1601472362.3739,258
1601472362.3745,258
1601472362.4517,258
1601472362.5418,258
1601472362.6618,258
1601472362.9139,258
1601472362.9145,258
1601472362.9918,258
1601472363.0817,258
1601472363.2018,258
1601472363.3218,258
1601472363.5164,258
1601472363.5318,257
1601472363.6218,257
1601472363.7418,256
1601472363.8619,256
1601472364.0935,255
1601472364.0940,255
1601472364.1918,254
1601472364.2818,253
1601472364.4018,253
1601472364.6235,252
1601472364.6240,251
1601472364.7318,251
1601472364.8217,251
1601472364.9418,250
1601472365.0319,249
1601472365.1930,249
1601472365.2718,248
1601472365.3617,248
1601472365.4818,248
1601472365.5718,247
1601472365.7316,246
1601472365.8118,246
1601472365.9018,245
1601472366.0218,245
1601472366.1118,244
1601472366.3050,244
1601472366.3518,243
1601472366.4418,243
1601472366.5618,243
1601472366.6818,243
1601472366.9055,242
1601472366.9060,242
1601472366.9817,242
1601472367.1018,242
1601472367.2217,242
1601472367.4454,242
1601472367.4460,241
1601472367.5218,242
1601472367.6418,241
1601472367.7619,241
1601472367.8519,241
1601472368.0139,241
1601472368.0618,240
1601472368.1818,240
1601472368.3018,240
1601472368.3918,240
1601472368.5538,240
1601472368.6318,240
1601472368.7218,240
1601472368.8418,240
1601472368.9319,240
1601472369.0939,240
1601472369.1718,240
1601472369.2617,240
1601472369.3817,240
1601472369.4718,240
1601472369.6672,240
1601472369.7117,240
1601472369.8017,240
1601472369.9219,240
1601472370.0119,240
1601472370.2650,240
1601472370.2656,240
1601472370.3418,241
1601472370.4618,241
1601472370.5818,241
1601472370.8093,241
1601472370.8098,242
1601472370.8818,242
1601472371.0017,242
1601472371.1219,242
1601472371.2118,242
1601472371.3819,242
1601472371.4218,243
1601472371.5417,243
1601472371.6618,243
1601472371.7517,243
1601472371.9218,243
1601472371.9618,243
1601472372.0817,244
1601472372.2018,244
1601472372.2918,244
1601472372.4874,244
1601472372.5018,245
1601472372.6218,245
1601472372.7418,245
1601472372.8319,245
1601472373.0238,245
1601472373.0718,245
1601472373.1618,245
1601472373.2819,245
1601472373.3718,245
1601472373.6261,245
1601472373.6267,245
1601472373.7018,244
1601472373.8219,244
1601472373.9118,244
1601472374.0319,244
1601472374.1930,244
1601472374.2417,243
1601472374.3617,243
1601472374.4517,243
1601472374.5718,243
1601472374.7340,243
1601472374.7818,243
1601472374.9018,243
1601472375.0220,243
1601472375.1120,243
1601472375.3057,243
1601472375.3218,243
1601472375.4420,243
1601472375.5618,244
1601472375.6517,243
1601472375.8432,244
1601472375.8619,244
1601472375.9818,244
1601472376.1017,244
1601472376.1918,244
1601472376.3834,244
1601472376.4017,244
1601472376.5217,244
1601472376.6417,244
1601472376.7319,244
1601472376.9825,244
1601472376.9830,244
1601472377.0617,244
1601472377.1818,243
1601472377.2717,243
1601472377.3918,243
1601472377.5589,242
1601472377.6018,242
1601472377.7218,241
1601472377.8117,241
1601472377.9319,241
1601472378.0920,241
1601472378.1417,240
1601472378.2917,240
1601472378.3517,240
1601472378.4718,240
1601472378.6653,239
1601472378.6818,239
1601472378.8019,239
1601472378.8917,239
1601472379.0118,238
1601472379.2038,238
1601472379.2217,238
1601472379.3417,238
1601472379.4617,238
1601472379.5518,238
1601472379.7729,238
1601472379.7734,238
1601472379.8817,238
1601472380.0017,239
1601472380.0918,239
1601472380.2119,239
1601472380.3729,239
1601472380.4218,239
1601472380.5417,239
1601472380.6319,239
1601472380.7519,239
1601472380.9120,240
1601472380.9618,240
1601472381.0817,240
1601472381.1717,240
1601472381.2918,240
1601472381.4854,240
1601472381.5017,240
1601472381.6217,240
1601472381.7117,240
1601472381.8319,240
1601472382.0250,240
1601472382.0418,239
1601472382.1617,239
1601472382.2517,240
1601472382.3718,239
1601472382.5650,239
1601472382.5817,239
1601472382.7018,239
1601472382.7919,239
1601472382.9118,239
1601472383.1354,239
1601472383.1359,239
1601472383.2417,239
1601472383.3317,239
1601472383.4518,239
1601472383.5719,240
1601472383.7354,240
1601472383.7818,240
1601472383.9018,240
1601472383.9918,240
1601472384.1118,240
1601472384.2738,240
1601472384.3217,240
1601472384.4418,240
1601472384.5318,240
1601472384.6518,241
1601472384.8454,241
1601472384.8618,241
1601472384.9817,241
1601472385.0718,241
1601472385.1918,241
1601472385.4156,242
1601472385.4161,242
1601472385.5217,242
1601472385.6117,242
1601472385.7319,242
1601472385.9551,242
1601472385.9557,242
1601472386.0617,242
1601472386.1517,242
1601472386.2718,242
1601472386.4950,242
1601472386.4955,243
1601472386.6017,243
1601472386.6917,243
1601472386.8118,243
1601472386.9319,243
1601472387.1254,243
1601472387.1417,243
1601472387.2317,243
1601472387.3517,243
1601472387.4718,244
1601472387.6671,244
1601472387.6817,244
1601472387.8017,244
1601472387.8917,244
1601472388.0117,244
1601472388.2050,244
1601472388.2217,245
1601472388.3417,245
1601472388.4317,245
1601472388.5518,245
1601472388.7449,245
1601472388.7618,245
1601472388.8818,246
1601472388.9717,246
1601472389.0918,246
1601472389.1819,246
1601472389.3441,246
1601472389.4217,246
1601472389.5117,246
1601472389.6317,246
1601472389.8546,247
1601472389.8551,247
1601472389.9617,247
1601472390.0518,247
1601472390.1718,248
1601472390.2919,247
1601472390.4838,248
1601472390.5017,248
1601472390.5917,248
1601472390.7117,248
1601472390.8318,248
1601472391.0244,249
1601472391.0417,249
1601472391.1617,249
1601472391.2517,249
1601472391.3718,249
1601472391.5630,249
1601472391.5817,249
1601472391.6717,250
1601472391.7917,250
1601472391.9117,250
1601472392.1415,250
1601472392.1420,250
1601472392.2417,250
1601472392.3317,251
1601472392.4518,251
1601472392.6734,251
1601472392.6739,251
1601472392.7818,251
1601472392.8717,251
1601472392.9918,251
1601472393.0818,251
1601472393.2739,252
1601472393.3217,252
1601472393.4117,252
1601472393.5318,252
1601472393.6219,252
1601472393.8456,252
1601472393.8618,252
1601472393.9518,252
1601472394.0718,253
1601472394.1617,253
1601472394.3821,253
1601472394.4017,253
1601472394.4917,253
1601472394.6118,253
1601472394.7318,253
1601472394.9537,253
1601472394.9542,254
1601472395.0317,254
1601472395.1517,254
1601472395.2718,254
1601472395.4929,254
1601472395.4935,254
1601472395.5718,255
1601472395.6918,255
1601472395.8119,255
1601472396.0348,255
1601472396.0353,255
1601472396.1117,255
1601472396.2317,255
1601472396.3518,255
1601472396.4429,255
1601472396.6040,256
1601472396.6818,256
1601472396.8018,256
1601472396.8918,256
1601472396.9818,256
1601472397.2115,256
1601472397.2217,256
1601472397.3117,257
1601472397.4317,257
1601472397.5217,257
1601472397.7513,257
1601472397.7617,257
1601472397.8517,257
1601472397.9718,257
1601472398.0617,257
1601472398.3231,258
1601472398.3236,258
1601472398.3917,258
1601472398.5117,258
1601472398.6318,258
1601472398.8532,258
1601472398.8538,258
1601472398.9318,258
1601472399.0518,258
1601472399.1718,259
1601472399.2618,259
1601472399.4229,259
1601472399.4717,259
1601472399.5917,259
1601472399.7117,259
1601472399.8019,259
1601472399.9611,259
1601472400.0117,259
1601472400.1317,259
1601472400.2518,259
1601472400.3418,260
1601472400.5621,260
1601472400.5626,260
1601472400.6718,260
1601472400.7918,260
1601472400.8818,260
1601472401.0018,260
1601472401.1621,260
1601472401.2117,260
1601472401.3318,260
1601472401.4217,260
1601472401.6732,261
1601472401.6738,261
1601472401.7817,261
1601472401.8717,261
1601472401.9617,261
1601472402.2151,261
1601472402.2156,261
1601472402.2917,261
1601472402.4117,261
1601472402.5018,262
1601472402.6219,262
1601472402.7839,262
1601472402.8318,262
1601472402.9517,262
1601472403.0717,262
1601472403.1618,262
1601472403.3544,262
1601472403.3717,262
1601472403.4917,262
1601472403.6117,262
1601472403.7018,261
1601472403.9241,261
1601472403.9247,261
1601472404.0317,261
1601472404.1518,261
1601472404.2417,260
1601472404.4950,260
1601472404.4955,260
1601472404.5717,260
1601472404.6917,259
1601472404.7817,259
1601472405.0351,259
1601472405.0356,259
1601472405.1117,258
1601472405.2317,258
1601472405.3218,258
1601472405.4418,258
1601472405.6058,257
1601472405.6518,257
1601472405.7717,257
1601472405.8617,256
1601472405.9818,256
1601472406.1498,256
1601472406.1917,256
1601472406.3117,256
1601472406.4018,256
1601472406.5218,256
1601472406.7132,256
1601472406.7318,256
1601472406.8517,256
1601472406.9418,256
1601472407.0617,256
1601472407.3151,256
1601472407.3156,256
1601472407.3917,256
1601472407.5117,256
1601472407.6017,256
1601472407.8550,256
1601472407.8555,256
1601472407.9317,256
1601472408.0518,256
1601472408.1417,255
1601472408.2618,256
1601472408.4238,255
1601472408.4717,256
1601472408.5917,256
1601472408.6817,255
1601472408.8018,255
1601472408.9631,256
1601472409.0117,255
1601472409.1324,256
1601472409.2217,255
1601472409.3417,256
1601472409.5350,255
1601472409.5517,256
1601472409.6717,255
1601472409.7617,255
1601472409.8817,255
1601472410.0735,255
1601472410.0917,256
1601472410.2117,256
1601472410.3017,255
1601472410.4217,255
1601472410.6772,255
1601472410.6778,256
1601472410.7517,255
1601472410.8417,255
1601472410.9617,256
1601472411.2155,256
1601472411.2160,256
1601472411.2917,256
1601472411.3817,256
1601472411.5017,256
1601472411.6218,256
1601472411.7840,256
1601472411.8318,256
1601472411.9517,256
1601472412.0417,256
1601472412.1617,257
1601472412.3238,257
1601472412.3718,257
1601472412.4916,257
1601472412.5817,257
1601472412.7017,257
1601472412.8930,257
1601472412.9117,257
1601472413.0317,257
1601472413.1218,257
1601472413.2417,257
1601472413.4350,257
1601472413.4517,257
1601472413.5717,257
1601472413.6617,257
1601472413.7818,256
1601472414.0350,256
1601472414.0356,256
1601472414.1117,256
1601472414.2018,256
1601472414.3218,256
1601472414.4418,255
1601472414.6058,255
1601472414.6517,255
1601472414.7417,255
1601472414.8617,255
1601472414.9818,255
1601472415.1438,255
1601472415.1917,255
1601472415.2817,255
1601472415.4018,255
1601472415.5218,255
1601472415.6838,256
1601472415.7317,255
1601472415.8217,256
1601472415.9419,255
1601472416.0619,256
1601472416.2544,256
1601472416.2717,255
1601472416.3917,256
1601472416.4817,256
1601472416.6018,256
1601472416.7933,256
1601472416.8117,256
1601472416.9317,256
1601472417.0217,256
1601472417.1417,256
1601472417.2318,256
1601472417.3919,256
1601472417.4717,256
1601472417.5917,256
1601472417.6818,257
1601472417.7717,257
1601472417.9639,257
1601472418.0117,257
1601472418.1017,257
1601472418.2217,257
1601472418.3428,257
1601472418.5019,257
1601472418.5517,257
1601472418.6417,257
1601472418.7617,257
1601472418.8818,257
1601472419.0735,257
1601472419.0917,258
1601472419.1817,258
1601472419.3018,258
1601472419.4219,258
1601472419.6134,258
1601472419.6317,258
1601472419.7218,258
1601472419.8417,258
1601472419.9617,258
1601472420.1834,258
1601472420.1839,258
1601472420.2917,258
1601472420.3817,259
1601472420.5017,259
1601472420.5917,259
1601472420.7914,259
1601472420.8317,259
1601472420.9217,259
1601472421.0417,259
1601472421.1318,259
1601472421.3528,259
1601472421.3717,259
1601472421.4617,259
1601472421.5818,259
1601472421.6718,259
1601472421.8928,259
1601472421.9118,260
1601472422.0017,260
1601472422.1218,260
1601472422.2122,260
1601472422.4334,260
1601472422.4518,260
1601472422.5417,260
1601472422.6618,260
1601472422.7818,260
1601472422.9755,260
1601472422.9917,260
1601472423.0817,260
1601472423.2017,260
1601472423.3218,261
1601472423.4121,261
1601472423.5843,261
1601472423.6217,261
1601472423.7418,261
1601472423.8618,261
1601472423.9517,261
1601472424.1534,261
1601472424.1617,261
1601472424.2817,261
1601472424.4017,261
1601472424.4917,261
1601472424.6921,262
1601472424.7317,261
1601472424.8217,262
1601472424.9418,262
1601472425.0317,262
1601472425.2544,262
1601472425.2718,262
1601472425.3617,262
1601472425.4817,262
1601472425.5718,262
1601472425.7928,262
1601472425.8128,262
1601472425.9017,262
1601472426.0218,262
1601472426.1117,262
1601472426.3631,263
1601472426.3636,263
1601472426.4417,263
1601472426.5617,263
1601472426.6817,263
1601472426.9033,263
1601472426.9039,263
1601472426.9824,263
1601472427.1017,263
1601472427.2218,263
1601472427.3117,263
1601472427.5034,263
1601472427.5217,263
1601472427.6417,263
1601472427.7617,263
1601472427.8518,264
1601472428.1034,264
1601472428.1039,264
1601472428.1817,264
1601472428.3017,264
1601472428.3917,264
1601472428.6135,264
1601472428.6140,264
1601472428.7217,264
1601472428.8429,264
1601472428.9318,264
1601472429.1537,264
1601472429.1718,265
1601472429.2618,265
1601472429.3817,265
1601472429.4717,265
1601472429.7220,265
1601472429.7226,265
1601472429.8017,265
1601472429.9218,265
1601472430.0117,265
1601472430.2650,265
1601472430.2656,265
1601472430.3417,265
1601472430.4617,265
1601472430.5517,265
1601472430.6718,265
1601472430.8631,265
1601472430.8817,266
1601472431.0017,266
1601472431.1217,266
1601472431.2117,266
1601472431.4350,266
1601472431.4355,266
1601472431.5417,266
1601472431.6617,266
1601472431.7517,266
1601472431.9754,266
1601472431.9759,266
1601472432.0817,266
1601472432.2017,266
1601472432.2918,267
1601472432.4118,266
1601472432.5739,267
1601472432.6217,267
1601472432.7417,267
1601472432.8317,267
1601472433.0854,267
1601472433.0859,267
1601472433.1616,267
1601472433.2817,267
1601472433.3717,267
1601472433.4918,267
1601472433.6559,267
1601472433.7017,267
1601472433.8218,267
1601472433.9117,267
1601472434.0318,267
1601472434.2550,267
1601472434.2556,267
1601472434.3618,267
1601472434.4517,267
1601472434.5717,266
1601472434.8029,266
1601472434.8034,266
1601472434.9018,265
1601472434.9917,265
1601472435.1117,264
1601472435.3350,264
1601472435.3355,263
1601472435.4417,262
1601472435.5617,261
1601472435.6517,260
1601472435.9054,260
1601472435.9060,259
1601472435.9817,258
1601472436.1017,258
1601472436.1917,257
1601472436.4439,257
1601472436.4445,256
1601472436.5217,256
1601472436.6417,255
1601472436.7317,255
1601472436.8518,254
1601472437.0138,253
1601472437.0617,253
1601472437.1817,253
1601472437.2717,252
1601472437.3917,252
1601472437.6154,251
1601472437.6159,251
1601472437.7217,250
1601472437.8117,250
1601472437.9317,250
1601472438.1854,249
1601472438.1859,249
1601472438.2617,249
1601472438.3517,248
1601472438.4717,248
1601472438.7236,248
1601472438.7242,248
1601472438.8018,247
1601472438.8917,247
1601472439.0118,247
1601472439.2640,247
1601472439.2646,247
1601472439.3417,247
1601472439.4317,246
1601472439.5517,246
1601472439.6716,246
1601472439.8337,245
1601472439.8816,245
1601472440.0018,244
1601472440.0917,244
1601472440.2117,243
1601472440.3717,243
1601472440.4217,242
1601472440.5417,241
1601472440.6317,240
1601472440.7517,240
1601472440.9734,239
1601472440.9739,239
1601472441.0817,237
1601472441.1717,237
1601472441.2917,236
1601472441.3817,235
1601472441.5419,235
1601472441.6217,234
1601472441.7117,233
1601472441.8317,232
1601472442.0832,231
1601472442.0838,230
1601472442.1616,230
1601472442.2517,229
1601472442.3717,228
1601472442.6223,227
1601472442.6228,226
1601472442.7017,225
1601472442.7918,224
1601472442.9117,223
1601472443.0318,223
1601472443.1909,223
1601472443.2417,222
1601472443.3317,222
1601472443.4518,222
1601472443.5717,221
1601472443.7627,221
1601472443.7817,221
1601472443.8717,220
1601472443.9918,220
1601472444.1117,220
1601472444.3330,219
1601472444.3335,220
1601472444.4417,220
1601472444.5317,220
1601472444.6517,220
1601472444.7418,220
1601472444.9018,220
1601472444.9817,220
1601472445.0717,220
1601472445.1917,220
1601472445.2817,220
1601472445.4418,220
1601472445.5217,220
1601472445.6117,221
1601472445.7317,221
1601472445.8217,221
1601472446.0132,221
1601472446.0617,221
1601472446.1517,221
1601472446.2718,221
1601472446.3917,222
1601472446.5517,222
1601472446.6017,222
1601472446.6917,222
1601472446.8117,222
1601472446.9318,223
1601472447.1234,223
1601472447.1417,223
1601472447.2317,223
1601472447.3517,223
1601472447.4717,224
1601472447.5617,224
1601472447.7215,224
1601472447.7717,224
1601472447.8916,224
1601472448.0117,225
1601472448.1018,225
1601472448.2608,225
1601472448.3417,225
1601472448.4317,225
1601472448.5517,226
1601472448.6417,226
1601472448.8018,226
1601472448.8817,226
1601472448.9717,226
1601472449.0991,226
1601472449.1817,227
1601472449.3839,227
1601472449.4217,227
1601472449.5117,227
1601472449.6317,227
1601472449.7217,228
1601472449.9234,228
1601472449.9617,228
1601472450.0817,228
1601472450.1729,229
1601472450.2617,229
1601472450.4933,229
1601472450.5018,229
1601472450.5917,229
1601472450.7117,229
1601472450.8317,230
1601472450.9217,230
1601472451.0857,230
1601472451.1317,230
1601472451.2517,231
1601472451.3718,231
1601472451.4624,231
1601472451.6254,231
1601472451.6717,232
1601472451.7917,232
1601472451.9117,232
1601472452.0017,232
1601472452.1949,232
1601472452.2117,232
1601472452.3317,233
1601472452.4528,233
1601472452.5417,233
1601472452.7333,233
1601472452.7817,234
1601472452.8717,234
1601472452.9917,234
1601472453.0817,234
1601472453.3050,235
1601472453.3217,235
1601472453.4117,235
1601472453.5318,235
1601472453.6217,236
1601472453.8453,236
1601472453.8618,236
1601472453.9517,236
1601472454.0717,237
1601472454.1617,237
1601472454.2817,237
1601472454.4437,237
1601472454.4918,237
1601472454.6117,238
1601472454.7317,238
1601472454.8217,238
1601472455.0163,238
1601472455.0317,239
1601472455.1518,239
1601472455.2719,239
1601472455.3617,239
1601472455.5853,239
1601472455.5858,240
1601472455.6917,240
1601472455.8117,240
1601472455.9018,240
1601472456.0929,240
1601472456.1117,241
1601472456.2317,241
1601472456.3517,241
1601472456.4417,241
1601472456.6671,241
1601472456.6677,241
1601472456.7718,242
1601472456.8918,242
1601472456.9817,242
1601472457.2055,242
1601472457.2218,242
1601472457.3117,243
1601472457.4317,243
1601472457.5217,243
1601472457.6417,243
1601472457.8037,243
1601472457.8517,244
1601472457.9717,244
1601472458.0617,244
1601472458.1817,244
1601472458.3752,244
1601472458.3917,244
1601472458.5117,245
1601472458.6018,245
1601472458.7218,245
1601472458.9155,245
1601472458.9318,245
1601472459.0517,246
1601472459.1717,246
1601472459.2617,246
1601472459.4855,246
1601472459.4860,246
1601472459.5917,247
1601472459.7117,247
1601472459.8018,247
1601472460.0254,247
1601472460.0260,247
1601472460.1317,247
1601472460.2517,248
1601472460.3418,248
1601472460.5950,248
1601472460.5955,248
1601472460.6717,248
1601472460.7918,248
1601472460.8817,249
1601472461.0018,249
1601472461.1955,249
1601472461.2117,249
1601472461.3317,249
1601472461.4217,250
1601472461.5417,250
1601472461.7348,250
1601472461.7517,250
1601472461.8717,250
1601472461.9617,250
1601472462.0817,250
1601472462.2741,250
1601472462.2917,251
1601472462.4117,251
1601472462.5017,251
1601472462.6217,251
1601472462.8465,252
1601472462.8470,251
1601472462.9517,252
1601472463.0417,252
1601472463.1918,252
1601472463.3854,252
1601472463.3859,252
1601472463.4917,252
1601472463.6118,253
1601472463.7017,253
1601472463.9603,253
1601472463.9608,253
1601472464.0617,253
1601472464.1517,254
1601472464.2417,254
1601472464.3618,254
1601472464.5544,254
1601472464.5717,254
1601472464.6917,254
1601472464.7817,254
1601472464.9018,254
1601472465.0945,255
1601472465.1117,255
1601472465.2328,255
1601472465.3217,255
1601472465.4418,255
1601472465.6655,255
1601472465.6660,255
1601472465.7718,256
1601472465.8617,256
1601472465.9817,256
1601472466.2030,256
1601472466.2035,256
1601472466.3117,256
1601472466.4017,256
1601472466.5217,256
1601472466.7735,257
1601472466.7740,257
1601472466.8517,257
1601472466.9417,257
1601472467.0617,257
1601472467.3134,257
1601472467.3139,257
1601472467.3917,257
1601472467.4817,258
1601472467.6017,258
1601472467.7218,258
1601472467.9140,258
1601472467.9317,258
1601472468.0517,258
1601472468.1417,258
1601472468.2617,259
1601472468.4824,259
1601472468.4829,259
1601472468.5917,259
1601472468.6817,259
1601472468.8018,259
1601472469.0225,259
1601472469.0230,259
1601472469.1317,259
1601472469.2217,259
1601472469.3417,259
1601472469.5633,259
1601472469.5638,259
1601472469.6717,259
1601472469.7617,259
1601472469.8817,259
1601472470.1333,259
1601472470.1338,259
1601472470.2117,260
1601472470.3017,260
1601472470.4218,259
1601472470.6724,260
1601472470.6729,260
1601472470.7517,260
1601472470.8417,260
1601472470.9617,260
1601472471.0817,260
1601472471.2737,260
1601472471.2917,260
1601472471.3817,260
1601472471.5018,260
1601472471.6218,261
1601472471.8434,261
1601472471.8439,261
1601472471.9217,261
1601472472.0417,261
1601472472.1617,261
1601472472.3840,261
1601472472.4017,261
1601472472.4917,261
1601472472.5816,261
1601472472.7017,261
1601472472.7919,262
1601472472.9520,262
1601472473.0317,262
1601472473.1217,262
1601472473.2417,262
1601472473.3317,262
1601472473.4917,262
1601472473.5717,262
1601472473.6616,262
1601472473.7818,262
1601472473.8718,262
1601472474.0629,263
1601472474.1116,262
1601472474.2017,263
1601472474.3218,263
1601472474.4418,263
1601472474.6676,263
1601472474.6682,263
1601472474.7417,263
1601472474.8617,263
1601472474.9817,263
1601472475.2050,263
1601472475.2055,263
1601472475.2817,263
1601472475.4017,263
1601472475.5218,264
1601472475.6117,264
1601472475.7799,264
1601472475.8217,264
1601472475.9417,264
1601472476.0619,264
1601472476.1518,264
1601472476.3219,264
1601472476.3917,264
1601472476.4817,264
1601472476.6017,264
1601472476.6918,265
1601472476.8619,265
1601472476.9317,265
1601472477.0217,265
1601472477.1417,265
1601472477.2320,265
1601472477.4277,265
1601472477.5017,265
1601472477.5617,265
1601472477.6817,265
1601472477.7718,265
1601472478.0338,265
1601472478.0343,266
1601472478.1017,266
1601472478.2217,266
1601472478.3117,266
1601472478.5670,266
1601472478.5674,266
1601472478.6417,266
1601472478.7617,266
1601472478.8818,266
1601472478.9718,266
1601472479.1359,266
1601472479.1817,266
1601472479.3017,266
1601472479.4217,267
1601472479.5117,267
1601472479.6737,267
1601472479.7216,267
1601472479.8417,267
1601472479.9616,267
1601472480.0518,267
1601472480.2456,267
1601472480.2616,267
1601472480.3816,267
1601472480.5017,267
1601472480.5917,267
1601472480.7854,267
1601472480.8316,268
1601472480.9216,268
1601472481.0416,268
1601472481.1317,268
1601472481.3855,268
1601472481.3860,268
1601472481.4617,268
1601472481.5817,268
1601472481.6717,268
1601472481.9554,268
1601472481.9560,268
1601472482.0017,268
1601472482.1216,268
1601472482.2116,269
1601472482.3317,268
1601472482.4927,269
1601472482.5417,269
1601472482.6617,269
1601472482.7516,269
1601472482.8718,269
1601472483.0339,269
1601472483.0817,269
1601472483.2017,269
1601472483.3217,269
1601472483.4117,269
1601472483.6664,269
1601472483.6672,269
1601472483.7417,269
1601472483.8617,270
1601472483.9817,269
1601472484.1418,270
1601472484.1616,270
1601472484.2816,270
1601472484.4017,270
1601472484.4917,270
1601472484.7443,270
1601472484.7449,270
1601472484.8216,270
1601472484.9417,270
1601472485.0317,270
1601472485.1518,270
1601472485.3111,271
1601472485.3616,271
1601472485.4816,271
1601472485.5717,271
1601472485.6917,271
1601472485.8518,271
1601472485.9016,271
1601472486.0217,271
1601472486.1116,271
1601472486.2317,271
1601472486.4240,271
1601472486.4417,271
1601472486.5616,271
1601472486.6516,271
1601472486.7717,271
1601472486.9635,272
1601472486.9816,271
1601472487.1017,272
1601472487.2217,272
1601472487.3117,272
1601472487.5350,272
1601472487.5355,272
1601472487.6416,272
1601472487.7616,272
1601472487.8517,272
1601472487.9718,272
1601472488.1325,272
1601472488.1817,272
1601472488.3016,272
1601472488.3916,272
1601472488.5117,272
1601472488.6698,272
1601472488.7217,272
1601472488.8718,272
1601472488.9317,272
1601472489.0517,273
1601472489.2138,273
1601472489.2617,273
1601472489.3816,273
1601472489.4717,273
1601472489.5917,273
1601472489.8154,273
1601472489.8159,273
1601472489.9217,273
1601472490.0116,273
1601472490.1317,273
1601472490.3253,273
1601472490.3416,273
1601472490.4616,273
1601472490.5517,273
1601472490.6717,273
1601472490.8955,273
1601472490.8961,273
1601472491.0017,273
1601472491.0917,273
1601472491.2116,273
1601472491.3317,273
1601472491.4937,273
1601472491.5416,273
1601472491.6617,273
1601472491.7516,273
1601472491.8717,273
1601472492.0338,274
1601472492.0816,274
1601472492.2016,274
1601472492.2916,274
1601472492.4117,274
1601472492.6129,274
1601472492.6216,274
1601472492.7416,274
1601472492.8316,274
1601472492.9517,274
1601472493.1454,274
1601472493.1616,274
1601472493.2817,274
1601472493.3716,274
1601472493.4917,274
1601472493.7133,274
1601472493.7138,274
1601472493.8217,275
1601472493.9116,275
1601472494.0317,275
1601472494.2549,275
1601472494.2554,275
1601472494.3616,275
1601472494.4516,275
1601472494.6017,275
1601472494.6917,275
1601472494.8538,275
1601472494.9017,275
1601472494.9916,275
1601472495.1116,275
1601472495.2318,275
1601472495.4243,275
1601472495.4417,275
1601472495.5316,275
1601472495.6516,276
1601472495.7717,276
1601472495.9649,276
1601472495.9816,276
1601472496.1025,276
1601472496.1916,276
1601472496.3116,276
1601472496.5028,276
1601472496.5216,276
1601472496.6416,276
1601472496.7317,276
1601472496.8516,276
1601472497.0729,276
1601472497.0735,276
1601472497.1816,276
1601472497.2716,276
1601472497.3917,276
1601472497.6113,276
1601472497.6119,276
1601472497.7218,277
1601472497.8117,277
1601472497.9317,277
1601472498.0519,277
1601472498.2121,277
1601472498.2616,277
1601472498.3517,277
1601472498.4716,277
1601472498.5918,277
1601472498.7832,277
1601472498.8017,277
1601472498.9217,277
1601472499.0116,277
1601472499.1317,277
1601472499.3233,277
1601472499.3416,277
1601472499.4316,277
1601472499.5516,278
1601472499.6717,278
1601472499.8933,278
1601472499.8939,278
1601472499.9717,278
1601472500.0917,278
1601472500.2116,278
1601472500.4329,278
1601472500.4334,278
1601472500.5416,278
1601472500.6316,278
1601472500.7516,278
1601472500.8417,278
1601472501.0009,278
1601472501.0817,279
1601472501.1716,278
1601472501.2916,279
1601472501.3818,279
1601472501.6329,279
1601472501.6334,279
1601472501.7116,279
1601472501.8317,279
1601472501.9217,279
1601472502.1534,279
1601472502.1616,279
1601472502.2516,279
1601472502.3716,279
1601472502.4916,279
1601472502.6919,279
1601472502.7016,279
1601472502.7917,279
1601472502.9116,279
1601472503.0317,279
1601472503.2618,280
1601472503.2623,280
1601472503.3616,280
1601472503.4517,280
1601472503.5718,280
1601472503.7942,280
1601472503.7948,280
1601472503.8717,280
1601472503.9917,280
1601472504.1116,280
1601472504.2017,280
1601472504.3618,280
1601472504.4416,280
1601472504.5317,280
1601472504.6517,280
1601472504.7417,280
1601472504.9631,280
1601472504.9817,281
1601472505.0717,280
1601472505.1916,281
1601472505.2817,281
1601472505.5034,281
1601472505.5216,281
1601472505.6117,281
1601472505.7317,281
1601472505.8217,281
1601472506.0748,281
1601472506.0754,281
1601472506.1516,281
1601472506.2716,281
1601472506.3616,281
1601472506.6244,282
1601472506.6250,281
1601472506.6917,282
1601472506.8117,282
1601472506.9318,282
1601472507.0217,282
1601472507.1855,282
1601472507.2317,282
1601472507.3516,282
1601472507.4717,282
1601472507.5617,282
1601472507.7221,282
1601472507.7717,282
1601472507.8916,282
1601472508.0117,282
1601472508.1017,282
1601472508.3246,282
1601472508.3251,282
1601472508.4317,282
1601472508.5516,283
1601472508.6417,282
1601472508.8630,282
1601472508.8817,283
1601472508.9717,283
1601472509.0917,283
1601472509.1817,283
1601472509.4349,283
1601472509.4354,283
1601472509.5117,283
1601472509.6317,283
