Time,ECG
1603656058.3271,400
1603656058.3297,991
1603656058.3317,2202
1603656058.3337,3269
1603656058.3357,4008
1603656058.3376,4902
1603656058.3389,5686
1603656058.3409,6152
1603656058.3428,6599
1603656058.3448,7055
1603656058.3470,7407
1603656058.3493,7724
1603656058.3516,8054
1603656058.3537,8332
1603656058.3556,8571
1603656058.3576,8813
1603656058.3589,9047
1603656058.3608,9250
1603656058.3628,9428
1603656058.3649,9602
1603656058.3669,9775
1603656058.3689,9931
1603656058.3708,10068
1603656058.3728,10200
1603656058.3748,10329
1603656058.3769,10439
1603656058.3788,10544
1603656058.3808,10649
1603656058.3828,10742
1603656058.3848,10830
1603656058.3868,10915
1603656058.3888,10983
1603656058.3907,11032
1603656058.3927,11088
1603656058.3948,11149
1603656058.3968,11201
1603656058.3989,11223
1603656058.4008,11242
1603656058.4027,11284
1603656058.4048,11318
1603656058.4068,11335
1603656058.4088,11342
1603656058.4107,11357
1603656058.4128,11369
1603656058.4148,11372
1603656058.4168,11362
1603656058.4188,11345
1603656058.4208,11347
1603656058.4228,11345
1603656058.4248,11318
1603656058.4285,11298
1603656058.4290,11291
1603656058.4308,11262
1603656058.4327,11230
1603656058.4347,11213
1603656058.4367,11191
1603656058.4387,11154
1603656058.4408,11118
1603656058.4427,11079
1603656058.4447,11047
1603656058.4468,11008
1603656058.4488,10966
1603656058.4507,10927
1603656058.4527,10871
1603656058.4547,10803
1603656058.4568,10749
1603656058.4587,10705
1603656058.4607,10651
1603656058.4627,10593
1603656058.4647,10527
1603656058.4667,10466
1603656058.4687,10400
1603656058.4707,10324
1603656058.8635,10253
1603656058.8647,10202
1603656058.8672,10139
1603656058.8697,10056
1603656058.8717,9985
1603656058.8737,9931
1603656058.8760,9865
1603656058.8777,9787
1603656058.8798,9711
1603656058.8818,9655
1603656058.8837,9602
1603656058.8857,9501
1603656058.8878,9394
1603656058.8897,9340
1603656058.8917,9279
1603656058.8937,9187
1603656058.8957,9116
1603656058.8978,9052
1603656058.8997,8977
1603656058.9017,8906
1603656058.9037,8840
1603656058.9057,8776
1603656058.9077,8715
1603656058.9097,8645
1603656058.9117,8571
1603656058.9137,8491
1603656058.9157,8395
1603656058.9177,8305
1603656058.9198,8227
1603656058.9217,8139
1603656058.9237,8051
1603656058.9257,7980
1603656058.9277,7902
1603656058.9296,7827
1603656058.9317,7761
1603656058.9337,7702
1603656058.9357,7705
1603656058.9377,7792
1603656058.9396,7832
1603656058.9417,7668
1603656058.9436,7268
1603656058.9456,6867
1603656058.9477,6860
1603656058.9496,7062
1603656058.9516,7050
1603656058.9536,6938
1603656058.9557,6892
1603656058.9577,6833
1603656058.9597,6752
1603656058.9617,6694
1603656058.9636,6625
1603656058.9657,6547
1603656058.9676,6489
1603656058.9696,6430
1603656058.9717,6354
1603656058.9737,6289
1603656058.9757,6232
1603656058.9776,6166
1603656058.9796,6098
1603656058.9817,6037
1603656058.9837,5986
1603656058.9856,5927
1603656058.9877,5854
1603656058.9896,5791
1603656058.9916,5747
1603656058.9936,5690
1603656058.9956,5620
1603656058.9977,5563
1603656058.9998,5512
1603656059.0016,5446
1603656059.0037,5385
1603656059.0057,5332
1603656059.0077,5270
1603656059.4335,5202
1603656059.4343,5146
1603656059.4369,5090
1603656059.4394,5031
1603656059.4414,4973
1603656059.4434,4912
1603656059.4457,4855
1603656059.4474,4802
1603656059.4494,4733
1603656059.4514,4655
1603656059.4534,4602
1603656059.4554,4560
1603656059.4574,4501
1603656059.4594,4440
1603656059.4614,4389
1603656059.4634,4348
1603656059.4654,4294
1603656059.4674,4243
1603656059.4694,4204
1603656059.4714,4157
1603656059.4734,4104
1603656059.4753,4057
1603656059.4774,4011
1603656059.4794,3969
1603656059.4813,3923
1603656059.4833,3872
1603656059.4854,3830
1603656059.4874,3793
1603656059.4894,3745
1603656059.4914,3698
1603656059.4933,3662
1603656059.4953,3618
1603656059.4974,3564
1603656059.4994,3525
1603656059.5013,3488
1603656059.5033,3437
1603656059.5055,3388
1603656059.5074,3354
1603656059.5093,3315
1603656059.5113,3269
1603656059.5133,3229
1603656059.5153,3195
1603656059.5174,3156
1603656059.5193,3115
1603656059.5213,3081
1603656059.5233,3041
1603656059.5253,3000
1603656059.5285,2968
1603656059.5303,2941
1603656059.5323,2902
1603656059.5343,2863
1603656059.5364,2834
1603656059.5383,2805
1603656059.5403,2770
1603656059.5423,2744
1603656059.5444,2709
1603656059.5463,2670
1603656059.5485,2648
1603656059.5504,2631
1603656059.5523,2607
1603656059.5543,2590
1603656059.5563,2578
1603656059.5583,2551
1603656059.5603,2502
1603656059.5623,2458
1603656059.5643,2424
1603656059.5664,2385
1603656059.5683,2346
1603656059.5704,2316
1603656059.5723,2294
1603656059.5743,2265
1603656059.5763,2236
1603656059.5784,2216
1603656060.0035,2216
1603656060.0046,2277
1603656060.0070,2419
1603656060.0098,2487
1603656060.0121,2319
1603656060.0136,1928
1603656060.0162,1635
1603656060.0179,1748
1603656060.0195,1970
1603656060.0215,1958
1603656060.0235,1896
1603656060.0255,1914
1603656060.0276,1899
1603656060.0295,1857
1603656060.0315,1840
1603656060.0336,1823
1603656060.0355,1796
1603656060.0375,1779
1603656060.0395,1770
1603656060.0415,1752
1603656060.0435,1733
1603656060.0455,1718
1603656060.0475,1704
1603656060.0495,1687
1603656060.0515,1665
1603656060.0534,1650
1603656060.0555,1640
1603656060.0575,1625
1603656060.0595,1611
1603656060.0615,1599
1603656060.0635,1586
1603656060.0655,1572
1603656060.0676,1552
1603656060.0695,1538
1603656060.0715,1525
1603656060.0736,1506
1603656060.0756,1481
1603656060.0776,1464
1603656060.0795,1447
1603656060.0814,1425
1603656060.0834,1406
1603656060.0854,1394
1603656060.0875,1376
1603656060.0895,1357
1603656060.0914,1340
1603656060.0934,1320
1603656060.0955,1301
1603656060.0975,1281
1603656060.0995,1259
1603656060.1014,1242
1603656060.1034,1228
1603656060.1055,1213
1603656060.1075,1198
1603656060.1095,1186
1603656060.1115,1176
1603656060.1135,1164
1603656060.1154,1149
1603656060.1175,1140
1603656060.1195,1135
1603656060.1215,1123
1603656060.1235,1110
1603656060.1255,1101
1603656060.1274,1093
1603656060.1294,1079
1603656060.1314,1069
1603656060.1335,1059
1603656060.1355,1047
1603656060.1375,1032
1603656060.1395,1020
1603656060.1414,1005
1603656060.1434,993
1603656060.1454,976
1603656060.1475,961
1603656060.5436,949
1603656060.5444,937
1603656060.5468,927
1603656060.5494,915
1603656060.5514,903
1603656060.5534,893
1603656060.5554,878
1603656060.5575,861
1603656060.5594,854
1603656060.5615,847
1603656060.5635,830
1603656060.5655,812
1603656060.5675,812
1603656060.5696,810
1603656060.5714,795
1603656060.5734,791
1603656060.5754,786
1603656060.5774,773
1603656060.5794,766
1603656060.5814,761
1603656060.5834,759
1603656060.5854,754
1603656060.5874,747
1603656060.5894,737
1603656060.5914,737
1603656060.5934,739
1603656060.5954,737
1603656060.5974,734
1603656060.5994,737
1603656060.6014,742
1603656060.6034,739
1603656060.6054,725
1603656060.6074,705
1603656060.6094,688
1603656060.6114,671
1603656060.6134,656
1603656060.6154,651
1603656060.6174,646
1603656060.6194,639
1603656060.6214,637
1603656060.6234,634
1603656060.6254,637
1603656060.6274,698
1603656060.6294,844
1603656060.6314,957
1603656060.6334,881
1603656060.6354,581
1603656060.6374,253
1603656060.6394,273
1603656060.6414,524
1603656060.6434,595
1603656060.6454,554
1603656060.6474,568
1603656060.6494,576
1603656060.6514,554
1603656060.6534,551
1603656060.6554,554
1603656060.6574,546
1603656060.6594,541
1603656060.6614,539
1603656060.6634,539
1603656060.6654,539
1603656060.6674,539
1603656060.6694,534
1603656060.6715,532
1603656060.6734,532
1603656060.6755,529
1603656060.6775,527
1603656060.6794,527
1603656060.6814,527
1603656060.6834,522
1603656060.6854,517
1603656060.6874,515
1603656061.0837,510
1603656061.0845,510
1603656061.0871,510
1603656061.0896,505
1603656061.0916,495
1603656061.0936,490
1603656061.0956,485
1603656061.0976,471
1603656061.0995,458
1603656061.1015,454
1603656061.1036,454
1603656061.1055,446
1603656061.1075,439
1603656061.1095,434
1603656061.1115,427
1603656061.1135,419
1603656061.1155,412
1603656061.1175,405
1603656061.1196,397
1603656061.1215,390
1603656061.1235,388
1603656061.1255,388
1603656061.1275,380
1603656061.1295,375
1603656061.1315,378
1603656061.1335,383
1603656061.1355,378
1603656061.1375,373
1603656061.1406,380
1603656061.1415,383
1603656061.1435,378
1603656061.1455,375
1603656061.1476,375
1603656061.1495,371
1603656061.1515,366
1603656061.1535,363
1603656061.1555,363
1603656061.1576,358
1603656061.1595,351
1603656061.1615,344
1603656061.1635,339
1603656061.1655,336
1603656061.1677,334
1603656061.1696,332
1603656061.1715,329
1603656061.1735,319
1603656061.1755,312
1603656061.1774,312
1603656061.1795,314
1603656061.1815,312
1603656061.1835,305
1603656061.1856,302
1603656061.1876,305
1603656061.1895,305
1603656061.1915,297
1603656061.1935,297
1603656061.1955,302
1603656061.1975,300
1603656061.1995,295
1603656061.2015,295
1603656061.2036,295
1603656061.2055,292
1603656061.2076,292
1603656061.2095,290
1603656061.2115,283
1603656061.2135,278
1603656061.2155,283
1603656061.2176,280
1603656061.2195,278
1603656061.2215,290
1603656061.2235,297
1603656061.2255,300
1603656061.2275,312
1603656061.6838,327
1603656061.6847,322
1603656061.6872,305
1603656061.6897,290
1603656061.6918,275
1603656061.6938,256
1603656061.6958,249
1603656061.6978,249
1603656061.6997,239
1603656061.7017,236
1603656061.7037,244
1603656061.7057,246
1603656061.7077,251
1603656061.7096,319
1603656061.7118,471
1603656061.7136,578
1603656061.7156,505
1603656061.7177,212
1603656061.7196,-97
1603656061.7217,-63
1603656061.7238,178
1603656061.7257,244
1603656061.7277,209
1603656061.7297,231
1603656061.7317,241
1603656061.7336,227
1603656061.7356,231
1603656061.7377,239
1603656061.7397,234
1603656061.7417,234
1603656061.7492,241
1603656061.7506,244
1603656061.7526,244
1603656061.7560,249
1603656061.7567,249
1603656061.7586,249
1603656061.7606,251
1603656061.7627,253
1603656061.7647,251
1603656061.7667,246
1603656061.7686,249
1603656061.7707,251
1603656061.7727,251
1603656061.7746,253
1603656061.7766,258
1603656061.7786,258
1603656061.7806,258
1603656061.7826,256
1603656061.7847,253
1603656061.7866,251
1603656061.7887,244
1603656061.7903,236
1603656061.7926,234
1603656061.7946,236
1603656061.7966,234
1603656061.7987,234
1603656061.8007,231
1603656061.8026,224
1603656061.8046,217
1603656061.8066,212
1603656061.8087,205
1603656061.8107,200
1603656061.8126,195
1603656061.8146,190
1603656061.8167,187
1603656061.8186,187
1603656061.8207,187
1603656061.8225,190
1603656061.8247,197
1603656061.8267,197
1603656061.8286,192
1603656061.8308,192
1603656061.8326,192
1603656062.2235,192
1603656062.2241,195
1603656062.2255,195
1603656062.2275,195
1603656062.2295,197
1603656062.2316,200
1603656062.2335,197
1603656062.2355,197
1603656062.2375,200
1603656062.2395,187
1603656062.2415,175
1603656062.2436,175
1603656062.2455,175
1603656062.2475,170
1603656062.2495,173
1603656062.2515,173
1603656062.2535,168
1603656062.2555,168
1603656062.2575,173
1603656062.2595,170
1603656062.2615,163
1603656062.2635,163
1603656062.2655,170
1603656062.2675,175
1603656062.2695,168
1603656062.2715,163
1603656062.2735,170
1603656062.2755,173
1603656062.2775,170
1603656062.2795,166
1603656062.2815,168
1603656062.2835,168
1603656062.2855,166
1603656062.2875,163
1603656062.2895,163
1603656062.2915,168
1603656062.2935,168
1603656062.2955,166
1603656062.2975,168
1603656062.2995,183
1603656062.3015,200
1603656062.3036,219
1603656062.3055,224
1603656062.3075,207
1603656062.3096,187
1603656062.3115,175
1603656062.3134,173
1603656062.3155,166
1603656062.3175,153
1603656062.3197,148
1603656062.3215,151
1603656062.3235,153
1603656062.3255,151
1603656062.3275,161
1603656062.3295,214
1603656062.3315,341
1603656062.3335,480
1603656062.3355,471
1603656062.3375,224
1603656062.3395,-136
1603656062.3415,-214
1603656062.3435,29
1603656062.3455,163
1603656062.3476,134
1603656062.3495,141
1603656062.3515,158
1603656062.3535,139
1603656062.3555,141
1603656062.3576,156
1603656062.3595,151
1603656062.3615,148
1603656062.3635,156
1603656062.3655,163
1603656062.8224,166
1603656062.8232,166
1603656062.8257,166
1603656062.8283,168
1603656062.8303,168
1603656062.8323,170
1603656062.8344,170
1603656062.8363,168
1603656062.8383,163
1603656062.8402,170
1603656062.8423,175
1603656062.8442,178
1603656062.8463,180
1603656062.8483,178
1603656062.8489,180
1603656062.8512,185
1603656062.8532,185
1603656062.8552,175
1603656062.8573,168
1603656062.8592,168
1603656062.8613,170
1603656062.8632,166
1603656062.8652,166
1603656062.8672,163
1603656062.8692,156
1603656062.8712,153
1603656062.8732,151
1603656062.8753,146
1603656062.8772,141
1603656062.8791,139
1603656062.8798,136
1603656062.8812,129
1603656062.8832,126
1603656062.8852,126
1603656062.8872,129
1603656062.8892,129
1603656062.8912,126
1603656062.8932,126
1603656062.8952,131
1603656062.8972,124
1603656062.8992,126
1603656062.9012,134
1603656062.9032,126
1603656062.9052,117
1603656062.9072,122
1603656062.9092,122
1603656062.9099,119
1603656062.9112,119
1603656062.9132,122
1603656062.9152,119
1603656062.9172,114
1603656062.9192,117
1603656062.9212,122
1603656062.9232,119
1603656062.9252,114
1603656062.9272,107
1603656062.9292,102
1603656062.9312,104
1603656062.9332,107
1603656062.9352,104
1603656062.9372,104
1603656062.9392,112
1603656062.9399,109
1603656062.9422,104
1603656062.9442,107
1603656062.9462,107
1603656062.9482,104
1603656062.9502,109
1603656062.9522,112
1603656062.9542,109
1603656062.9562,109
1603656062.9582,114
1603656062.9602,119
1603656063.3645,119
1603656063.3653,119
1603656063.3669,124
1603656063.3687,139
1603656063.3707,153
1603656063.3730,166
1603656063.3748,168
1603656063.3767,151
1603656063.3787,119
1603656063.3807,107
1603656063.3826,107
1603656063.3847,100
1603656063.3867,85
1603656063.3887,83
1603656063.3906,95
1603656063.3926,95
1603656063.3946,90
1603656063.3967,112
1603656063.3973,205
1603656063.3986,378
1603656063.4006,478
1603656063.4026,344
1603656063.4047,-24
1603656063.4068,-317
1603656063.4087,-195
1603656063.4106,75
1603656063.4127,109
1603656063.4146,68
1603656063.4167,102
1603656063.4186,114
1603656063.4207,102
1603656063.4226,104
1603656063.4246,112
1603656063.4267,109
1603656063.4273,109
1603656063.4287,109
1603656063.4306,112
1603656063.4326,119
1603656063.4346,122
1603656063.4367,122
1603656063.4387,122
1603656063.4406,126
1603656063.4426,136
1603656063.4446,136
1603656063.4467,139
1603656063.4486,146
1603656063.4506,146
1603656063.4528,141
1603656063.4546,146
1603656063.4553,156
1603656063.4567,161
1603656063.4587,161
1603656063.4606,163
1603656063.4627,158
1603656063.4646,156
1603656063.4667,158
1603656063.4688,158
1603656063.4707,153
1603656063.4726,144
1603656063.4746,134
1603656063.4767,126
1603656063.4786,124
1603656063.4806,119
1603656063.4827,112
1603656063.4847,104
1603656063.4853,102
1603656063.4868,95
1603656063.4886,90
1603656063.4906,90
1603656063.4926,92
1603656063.4946,92
1603656063.4967,92
1603656063.4986,90
1603656063.9039,87
1603656063.9048,90
1603656063.9058,92
1603656063.9078,92
1603656063.9097,95
1603656063.9117,92
1603656063.9138,87
1603656063.9144,90
1603656063.9167,90
1603656063.9187,78
1603656063.9207,68
1603656063.9227,70
1603656063.9247,73
1603656063.9267,70
1603656063.9287,70
1603656063.9307,70
1603656063.9327,70
1603656063.9347,68
1603656063.9366,70
1603656063.9387,73
1603656063.9407,68
1603656063.9427,63
1603656063.9447,65
1603656063.9454,70
1603656063.9468,68
1603656063.9487,70
1603656063.9507,70
1603656063.9527,63
1603656063.9547,58
1603656063.9567,61
1603656063.9587,63
1603656063.9607,65
1603656063.9627,68
1603656063.9647,68
1603656063.9669,70
1603656063.9687,75
1603656063.9707,80
1603656063.9727,83
1603656063.9747,92
1603656063.9754,114
1603656063.9767,129
1603656063.9787,124
1603656063.9807,109
1603656063.9827,95
1603656063.9847,85
1603656063.9867,78
1603656063.9887,73
1603656063.9907,70
1603656063.9927,70
1603656063.9947,70
1603656063.9967,75
1603656063.9987,85
1603656064.0007,114
1603656064.0027,217
1603656064.0047,380
1603656064.0053,439
1603656064.0067,251
1603656064.0087,-126
1603656064.0107,-324
1603656064.0127,-124
1603656064.0147,80
1603656064.0168,70
1603656064.0187,61
1603656064.0207,92
1603656064.0227,83
1603656064.0247,75
1603656064.0267,85
1603656064.0286,83
1603656064.0307,80
1603656064.0327,90
1603656064.0347,95
1603656064.0354,92
1603656064.0367,92
1603656064.4437,95
1603656064.4445,102
1603656064.4470,104
1603656064.4497,104
1603656064.4515,107
1603656064.4535,114
1603656064.4556,109
1603656064.4576,102
1603656064.4595,104
1603656064.4615,117
1603656064.4635,117
1603656064.4655,117
1603656064.4678,122
1603656064.4696,126
1603656064.4715,126
1603656064.4735,124
1603656064.4756,124
1603656064.4776,124
1603656064.4795,122
1603656064.4815,112
1603656064.4835,104
1603656064.4855,100
1603656064.4876,95
1603656064.4895,87
1603656064.4915,85
1603656064.4935,78
1603656064.4955,70
1603656064.4976,68
1603656064.4995,68
1603656064.5015,58
1603656064.5035,56
1603656064.5055,63
1603656064.5075,65
1603656064.5095,61
1603656064.5115,61
1603656064.5135,65
1603656064.5155,70
1603656064.5175,73
1603656064.5195,75
1603656064.5215,78
1603656064.5235,80
1603656064.5255,83
1603656064.5275,83
1603656064.5295,83
1603656064.5315,87
1603656064.5335,87
1603656064.5355,83
1603656064.5375,80
1603656064.5395,85
1603656064.5416,80
1603656064.5436,75
1603656064.5455,73
1603656064.5475,70
1603656064.5495,70
1603656064.5515,73
1603656064.5535,73
1603656064.5555,68
1603656064.5575,65
1603656064.5595,65
1603656064.5615,68
1603656064.5635,68
1603656064.5655,65
1603656064.5675,63
1603656064.5697,63
1603656064.5716,65
1603656064.5735,68
1603656064.5755,68
1603656064.5775,68
1603656064.5795,68
1603656064.5815,70
1603656064.5835,70
1603656064.5855,73
1603656064.5875,75
1603656065.0439,75
1603656065.0447,75
1603656065.0473,75
1603656065.0497,80
1603656065.0517,80
1603656065.0537,85
1603656065.0558,102
1603656065.0577,117
1603656065.0597,122
1603656065.0617,107
1603656065.0638,92
1603656065.0657,83
1603656065.0677,75
1603656065.0697,65
1603656065.0717,63
1603656065.0736,56
1603656065.0757,53
1603656065.0777,61
1603656065.0797,68
1603656065.0817,75
1603656065.0837,146
1603656065.0857,300
1603656065.0877,407
1603656065.0897,339
1603656065.0917,56
1603656065.0937,-261
1603656065.0957,-249
1603656065.0977,-2
1603656065.0997,80
1603656065.1016,46
1603656065.1037,68
1603656065.1057,78
1603656065.1077,63
1603656065.1097,65
1603656065.1117,73
1603656065.1137,75
1603656065.1157,83
1603656065.1177,90
1603656065.1196,87
1603656065.1217,85
1603656065.1237,95
1603656065.1258,102
1603656065.1277,102
1603656065.1297,97
1603656065.1317,100
1603656065.1336,109
1603656065.1356,114
1603656065.1377,114
1603656065.1396,117
1603656065.1416,122
1603656065.1436,126
1603656065.1457,124
1603656065.1477,122
1603656065.1497,126
1603656065.1517,129
1603656065.1536,126
1603656065.1557,124
1603656065.1577,122
1603656065.1596,119
1603656065.1616,119
1603656065.1636,119
1603656065.1656,119
1603656065.1677,114
1603656065.1696,107
1603656065.1717,104
1603656065.1736,95
1603656065.1757,85
1603656065.1777,85
1603656065.1797,85
1603656065.1816,78
1603656065.1836,75
1603656065.1856,80
1603656065.1878,80
1603656065.6132,75
1603656065.6139,73
1603656065.6164,78
1603656065.6190,80
1603656065.6210,75
1603656065.6230,75
1603656065.6251,78
1603656065.6270,83
1603656065.6290,78
1603656065.6309,68
1603656065.6329,65
1603656065.6349,68
1603656065.6370,68
1603656065.6390,65
1603656065.6409,65
1603656065.6429,68
1603656065.6449,65
1603656065.6469,68
1603656065.6489,68
1603656065.6511,68
1603656065.6530,58
1603656065.6549,51
1603656065.6569,53
1603656065.6589,56
1603656065.6610,53
1603656065.6629,51
1603656065.6649,51
1603656065.6669,51
1603656065.6689,48
1603656065.6709,51
1603656065.6729,53
1603656065.6749,53
1603656065.6770,53
1603656065.6789,58
1603656065.6809,58
1603656065.6829,58
1603656065.6849,56
1603656065.6870,58
1603656065.6889,61
1603656065.6909,61
1603656065.6929,61
1603656065.6949,63
1603656065.6970,58
1603656065.6990,56
1603656065.7009,56
1603656065.7029,61
1603656065.7049,68
1603656065.7070,75
1603656065.7089,83
1603656065.7109,97
1603656065.7129,114
1603656065.7149,119
1603656065.7169,112
1603656065.7189,97
1603656065.7209,83
1603656065.7229,75
1603656065.7249,70
1603656065.7269,61
1603656065.7289,61
1603656065.7309,65
1603656065.7329,68
1603656065.7349,70
1603656065.7369,73
1603656065.7389,104
1603656065.7409,217
1603656065.7429,368
1603656065.7449,405
1603656065.7470,234
1603656065.7489,-107
1603656065.7510,-300
1603656065.7531,-119
1603656065.7549,78
1603656065.7569,63
1603656066.1534,48
1603656066.1542,80
1603656066.1568,75
1603656066.1593,61
1603656066.1612,75
1603656066.1632,83
1603656066.1653,78
1603656066.1673,87
1603656066.1693,97
1603656066.1713,90
1603656066.1733,83
1603656066.1752,87
1603656066.1772,90
1603656066.1792,92
1603656066.1813,97
1603656066.1832,104
1603656066.1852,112
1603656066.1873,114
1603656066.1892,112
1603656066.1912,114
1603656066.1932,124
1603656066.1953,129
1603656066.1973,129
1603656066.1992,134
1603656066.2012,136
1603656066.2032,131
1603656066.2052,129
1603656066.2072,129
1603656066.2092,134
1603656066.2112,134
1603656066.2132,134
1603656066.2152,131
1603656066.2173,126
1603656066.2192,126
1603656066.2212,124
1603656066.2232,112
1603656066.2252,100
1603656066.2272,95
1603656066.2293,95
1603656066.2312,90
1603656066.2332,85
1603656066.2352,85
1603656066.2372,83
1603656066.2392,85
1603656066.2412,87
1603656066.2432,85
1603656066.2452,85
1603656066.2472,87
1603656066.2495,85
1603656066.2513,83
1603656066.2532,85
1603656066.2552,90
1603656066.2573,95
1603656066.2593,90
1603656066.2612,85
1603656066.2632,92
1603656066.2652,95
1603656066.2672,90
1603656066.2693,87
1603656066.2712,87
1603656066.2733,80
1603656066.2752,73
1603656066.2773,73
1603656066.2792,75
1603656066.2812,70
1603656066.2832,56
1603656066.2852,56
1603656066.2873,53
1603656066.2892,46
1603656066.2912,48
1603656066.2932,53
1603656066.2952,53
1603656066.2973,56
1603656066.7232,51
1603656066.7241,46
1603656066.7266,53
1603656066.7291,56
1603656066.7311,56
1603656066.7331,56
1603656066.7353,46
1603656066.7371,39
1603656066.7391,39
1603656066.7411,46
1603656066.7431,48
1603656066.7451,39
1603656066.7471,43
1603656066.7491,61
1603656066.7510,56
1603656066.7530,53
1603656066.7550,78
1603656066.7571,102
1603656066.7590,104
1603656066.7610,87
1603656066.7630,68
1603656066.7650,63
1603656066.7670,63
1603656066.7690,56
1603656066.7710,41
1603656066.7730,31
1603656066.7752,36
1603656066.7771,43
1603656066.7790,51
1603656066.7810,63
1603656066.7830,119
1603656066.7850,266
1603656066.7871,415
1603656066.7890,388
1603656066.7910,90
1603656066.7930,-300
1603656066.7950,-327
1603656066.7971,-31
1603656066.7990,78
1603656066.8010,21
1603656066.8030,41
1603656066.8050,65
1603656066.8071,48
1603656066.8090,56
1603656066.8110,70
1603656066.8130,65
1603656066.8150,65
1603656066.8170,73
1603656066.8190,75
1603656066.8210,78
1603656066.8230,83
1603656066.8250,85
1603656066.8271,90
1603656066.8290,92
1603656066.8311,97
1603656066.8330,102
1603656066.8350,104
1603656066.8371,102
1603656066.8390,104
1603656066.8410,109
1603656066.8430,119
1603656066.8450,126
1603656066.8471,124
1603656066.8491,126
1603656066.8510,134
1603656066.8530,139
1603656066.8550,141
1603656066.8570,139
1603656066.8590,131
1603656066.8610,126
1603656066.8630,129
1603656066.8650,129
1603656066.8671,114
1603656067.2638,100
1603656067.2646,85
1603656067.2662,70
1603656067.2682,70
1603656067.2704,73
1603656067.2722,68
1603656067.2742,58
1603656067.2762,56
1603656067.2781,58
1603656067.2801,48
1603656067.2821,48
1603656067.2841,53
1603656067.2861,53
1603656067.2882,53
1603656067.2901,58
1603656067.2921,61
1603656067.2941,58
1603656067.2961,58
1603656067.2981,63
1603656067.3001,65
1603656067.3020,65
1603656067.3041,68
1603656067.3061,68
1603656067.3081,65
1603656067.3101,58
1603656067.3121,61
1603656067.3141,65
1603656067.3161,65
1603656067.3181,56
1603656067.3202,56
1603656067.3221,58
1603656067.3241,56
1603656067.3261,51
1603656067.3281,48
1603656067.3301,48
1603656067.3321,51
1603656067.3341,51
1603656067.3361,48
1603656067.3381,46
1603656067.3401,46
1603656067.3421,46
1603656067.3440,48
1603656067.3461,51
1603656067.3481,48
1603656067.3501,46
1603656067.3521,51
1603656067.3540,51
1603656067.3561,48
1603656067.3581,46
1603656067.3601,43
1603656067.3621,36
1603656067.3641,34
1603656067.3661,39
1603656067.3681,43
1603656067.3700,48
1603656067.3722,56
1603656067.3741,70
1603656067.3760,90
1603656067.3781,100
1603656067.3801,83
1603656067.3821,61
1603656067.3841,58
1603656067.3861,56
1603656067.3881,46
1603656067.3901,39
1603656067.3921,36
1603656067.3941,36
1603656067.3961,41
1603656067.3981,48
1603656067.4001,56
1603656067.4021,104
1603656067.4041,246
1603656067.4061,402
1603656067.8036,395
1603656067.8045,124
1603656067.8069,-263
1603656067.8095,-344
1603656067.8116,-78
1603656067.8136,58
1603656067.8156,4
1603656067.8175,12
1603656067.8195,43
1603656067.8215,24
1603656067.8235,19
1603656067.8255,39
1603656067.8274,41
1603656067.8294,36
1603656067.8315,43
1603656067.8334,51
1603656067.8354,53
1603656067.8374,53
1603656067.8395,56
1603656067.8414,61
1603656067.8434,68
1603656067.8455,68
1603656067.8475,68
1603656067.8495,73
1603656067.8515,80
1603656067.8534,83
1603656067.8555,85
1603656067.8575,90
1603656067.8594,95
1603656067.8614,97
1603656067.8634,102
1603656067.8654,109
1603656067.8675,104
1603656067.8697,102
1603656067.8716,104
1603656067.8735,102
1603656067.8754,100
1603656067.8775,97
1603656067.8795,92
1603656067.8814,85
1603656067.8834,70
1603656067.8854,61
1603656067.8874,51
1603656067.8894,41
1603656067.8915,34
1603656067.8935,31
1603656067.8955,29
1603656067.8975,29
1603656067.8995,29
1603656067.9015,31
1603656067.9035,31
1603656067.9054,31
1603656067.9075,29
1603656067.9094,29
1603656067.9114,36
1603656067.9135,41
1603656067.9155,41
1603656067.9175,39
1603656067.9195,36
1603656067.9215,39
1603656067.9235,41
1603656067.9255,41
1603656067.9275,46
1603656067.9294,46
1603656067.9314,41
1603656067.9335,41
1603656067.9355,46
1603656067.9374,48
1603656067.9394,46
1603656067.9415,43
1603656067.9435,43
1603656067.9455,39
1603656067.9474,31
1603656068.4037,31
1603656068.4045,34
1603656068.4071,29
1603656068.4096,21
1603656068.4116,19
1603656068.4136,24
1603656068.4158,26
1603656068.4175,26
1603656068.4195,26
1603656068.4215,24
1603656068.4235,26
1603656068.4257,31
1603656068.4276,34
1603656068.4295,34
1603656068.4315,36
1603656068.4335,39
1603656068.4355,36
1603656068.4375,36
1603656068.4395,43
1603656068.4415,43
1603656068.4435,41
1603656068.4455,43
1603656068.4475,46
1603656068.4495,46
1603656068.4515,48
1603656068.4535,51
1603656068.4555,56
1603656068.4575,61
1603656068.4595,70
1603656068.4615,85
1603656068.4635,102
1603656068.4655,104
1603656068.4676,92
1603656068.4695,70
1603656068.4715,58
1603656068.4735,51
1603656068.4755,46
1603656068.4775,39
1603656068.4795,34
1603656068.4815,39
1603656068.4835,43
1603656068.4855,46
1603656068.4876,48
1603656068.4895,95
1603656068.4915,224
1603656068.4935,361
1603656068.4955,373
1603656068.4975,183
1603656068.4995,-153
1603656068.5015,-297
1603656068.5036,-109
1603656068.5055,43
1603656068.5075,29
1603656068.5095,29
1603656068.5115,48
1603656068.5135,43
1603656068.5155,36
1603656068.5176,41
1603656068.5195,43
1603656068.5216,48
1603656068.5236,51
1603656068.5255,53
1603656068.5277,56
1603656068.5296,58
1603656068.5315,63
1603656068.5335,63
1603656068.5355,61
1603656068.5375,68
1603656068.5395,75
1603656068.5415,75
1603656068.5436,75
1603656068.5455,83
1603656068.5475,87
1603656068.9732,87
1603656068.9740,85
1603656068.9756,92
1603656068.9774,95
1603656068.9794,95
1603656068.9814,97
1603656068.9834,100
1603656068.9853,95
1603656068.9874,80
1603656068.9894,70
1603656068.9913,75
1603656068.9933,78
1603656068.9953,75
1603656068.9972,73
1603656068.9992,70
1603656069.0013,63
1603656069.0033,61
1603656069.0052,58
1603656069.0073,53
1603656069.0093,51
1603656069.0112,48
1603656069.0132,43
1603656069.0153,39
1603656069.0173,34
1603656069.0193,34
1603656069.0212,39
1603656069.0232,36
1603656069.0252,31
1603656069.0273,21
1603656069.0292,21
1603656069.0312,29
1603656069.0332,31
1603656069.0352,31
1603656069.0372,36
1603656069.0392,48
1603656069.0413,51
1603656069.0432,46
1603656069.0453,41
1603656069.0473,43
1603656069.0492,46
1603656069.0515,43
1603656069.0533,41
1603656069.0552,41
1603656069.0572,43
1603656069.0592,46
1603656069.0612,48
1603656069.0632,43
1603656069.0652,39
1603656069.0672,41
1603656069.0692,41
1603656069.0712,41
1603656069.0732,43
1603656069.0753,43
1603656069.0773,39
1603656069.0792,36
1603656069.0812,36
1603656069.0833,36
1603656069.0852,36
1603656069.0873,39
1603656069.0892,43
1603656069.0912,46
1603656069.0932,43
1603656069.0952,39
1603656069.0973,41
1603656069.0979,46
1603656069.0992,41
1603656069.1012,43
1603656069.1032,48
1603656069.1052,48
1603656069.1072,48
1603656069.1092,48
1603656069.1112,43
1603656069.1132,46
1603656069.5132,51
1603656069.5140,51
1603656069.5165,48
1603656069.5191,51
1603656069.5211,61
1603656069.5217,68
1603656069.5241,83
1603656069.5262,102
1603656069.5280,104
1603656069.5300,83
1603656069.5320,63
1603656069.5340,56
1603656069.5360,46
1603656069.5380,31
1603656069.5400,24
1603656069.5420,26
1603656069.5440,26
1603656069.5460,24
1603656069.5481,29
1603656069.5500,34
1603656069.5520,36
1603656069.5527,80
1603656069.5540,209
1603656069.5560,344
1603656069.5580,344
1603656069.5600,131
1603656069.5622,-209
1603656069.5640,-312
1603656069.5660,-90
1603656069.5680,41
1603656069.5701,7
1603656069.5720,12
1603656069.5740,36
1603656069.5760,24
1603656069.5780,21
1603656069.5800,34
1603656069.5807,31
1603656069.5830,31
1603656069.5850,41
1603656069.5870,48
1603656069.5890,48
1603656069.5910,48
1603656069.5930,51
1603656069.5950,51
1603656069.5970,53
1603656069.5990,58
1603656069.6010,63
1603656069.6030,68
1603656069.6050,68
1603656069.6070,65
1603656069.6090,75
1603656069.6110,83
1603656069.6117,83
1603656069.6130,80
1603656069.6150,80
1603656069.6170,85
1603656069.6191,85
1603656069.6210,83
1603656069.6230,83
1603656069.6250,85
1603656069.6271,83
1603656069.6290,75
1603656069.6310,78
1603656069.6330,83
1603656069.6350,78
1603656069.6370,73
1603656069.6390,75
1603656069.6410,73
1603656069.6417,61
1603656069.6431,53
1603656069.6450,51
1603656069.6470,43
1603656069.6490,39
1603656070.0836,41
1603656070.0844,43
1603656070.0868,43
1603656070.0895,41
1603656070.0915,41
1603656070.0935,43
1603656070.0956,36
1603656070.0975,26
1603656070.0994,31
1603656070.1014,43
1603656070.1021,46
1603656070.1044,43
1603656070.1066,46
1603656070.1084,51
1603656070.1104,46
1603656070.1123,36
1603656070.1144,46
1603656070.1164,58
1603656070.1184,48
1603656070.1204,41
1603656070.1224,48
1603656070.1244,53
1603656070.1265,51
1603656070.1284,48
1603656070.1304,51
1603656070.1324,46
1603656070.1331,41
1603656070.1344,48
1603656070.1364,53
1603656070.1384,56
1603656070.1404,51
1603656070.1424,53
1603656070.1444,56
1603656070.1464,56
1603656070.1484,56
1603656070.1504,56
1603656070.1524,51
1603656070.1544,48
1603656070.1565,61
1603656070.1584,63
1603656070.1604,58
1603656070.1623,56
1603656070.1630,53
1603656070.1644,53
1603656070.1665,61
1603656070.1684,65
1603656070.1704,73
1603656070.1725,78
1603656070.1744,83
1603656070.1763,95
1603656070.1784,114
1603656070.1804,117
1603656070.1824,95
1603656070.1844,80
1603656070.1865,75
1603656070.1884,65
1603656070.1904,56
1603656070.1923,51
1603656070.1930,51
1603656070.1944,58
1603656070.1964,61
1603656070.1984,53
1603656070.2004,70
1603656070.2024,148
1603656070.2044,302
1603656070.2064,432
1603656070.2084,371
1603656070.2104,48
1603656070.2124,-310
1603656070.2144,-290
1603656070.2164,-12
1603656070.2184,70
1603656070.2204,21
1603656070.6234,46
1603656070.6241,68
1603656070.6264,48
1603656070.6291,51
1603656070.6311,65
1603656070.6331,61
1603656070.6353,56
1603656070.6372,51
1603656070.6391,41
1603656070.6412,46
1603656070.6431,53
1603656070.6451,58
1603656070.6471,61
1603656070.6478,61
1603656070.6501,63
1603656070.6521,75
1603656070.6541,83
1603656070.6561,75
1603656070.6582,73
1603656070.6601,87
1603656070.6621,97
1603656070.6641,102
1603656070.6661,104
1603656070.6681,104
1603656070.6701,102
1603656070.6722,107
1603656070.6741,100
1603656070.6762,92
1603656070.6781,100
1603656070.6788,92
1603656070.6811,80
1603656070.6831,83
1603656070.6851,85
1603656070.6871,70
1603656070.6891,58
1603656070.6911,48
1603656070.6931,43
1603656070.6951,31
1603656070.6972,17
1603656070.6991,14
1603656070.7011,21
1603656070.7031,21
1603656070.7051,12
1603656070.7071,12
1603656070.7091,17
1603656070.7098,19
1603656070.7121,17
1603656070.7141,17
1603656070.7161,21
1603656070.7181,26
1603656070.7201,26
1603656070.7221,29
1603656070.7241,31
1603656070.7261,36
1603656070.7281,36
1603656070.7301,34
1603656070.7321,36
1603656070.7341,43
1603656070.7361,43
1603656070.7381,31
1603656070.7401,26
1603656070.7421,31
1603656070.7441,34
1603656070.7461,29
1603656070.7481,26
1603656070.7501,24
1603656070.7521,19
1603656070.7541,19
1603656070.7561,21
1603656070.7581,24
1603656070.7601,24
1603656070.7621,19
1603656070.7641,14
1603656071.1932,12
1603656071.1940,12
1603656071.1964,14
1603656071.1993,14
1603656071.2011,7
1603656071.2031,-2
1603656071.2052,0
1603656071.2071,4
1603656071.2090,7
1603656071.2110,7
1603656071.2130,7
1603656071.2150,12
1603656071.2170,19
1603656071.2190,26
1603656071.2210,34
1603656071.2230,48
1603656071.2250,61
1603656071.2270,65
1603656071.2290,53
1603656071.2310,36
1603656071.2330,26
1603656071.2351,19
1603656071.2370,12
1603656071.2389,7
1603656071.2410,9
1603656071.2430,12
1603656071.2450,14
1603656071.2470,12
1603656071.2490,24
1603656071.2510,80
1603656071.2530,219
1603656071.2550,366
1603656071.2570,351
1603656071.2590,83
1603656071.2620,-288
1603656071.2641,-351
1603656071.2659,-95
1603656071.2680,36
1603656071.2700,0
1603656071.2720,14
1603656071.2739,34
1603656071.2760,17
1603656071.2779,24
1603656071.2799,39
1603656071.2819,34
1603656071.2839,34
1603656071.2860,41
1603656071.2880,41
1603656071.2899,41
1603656071.2919,41
1603656071.2939,43
1603656071.2959,48
1603656071.2979,51
1603656071.3000,51
1603656071.3021,56
1603656071.3040,61
1603656071.3060,61
1603656071.3079,61
1603656071.3099,63
1603656071.3119,70
1603656071.3139,75
1603656071.3159,80
1603656071.3180,80
1603656071.3199,80
1603656071.3219,75
1603656071.3240,70
1603656071.3260,68
1603656071.3280,61
1603656071.3300,53
1603656071.3319,56
1603656071.3339,56
1603656071.3360,51
1603656071.3379,51
1603656071.8218,53
1603656071.8230,48
1603656071.8254,36
1603656071.8280,26
1603656071.8300,24
1603656071.8320,19
1603656071.8341,9
1603656071.8360,2
1603656071.8380,4
1603656071.8400,0
1603656071.8420,-2
1603656071.8440,2
1603656071.8460,9
1603656071.8480,12
1603656071.8500,12
1603656071.8520,14
1603656071.8540,24
1603656071.8560,31
1603656071.8580,34
1603656071.8599,36
1603656071.8620,36
1603656071.8639,36
1603656071.8660,36
1603656071.8680,39
1603656071.8700,41
1603656071.8720,48
1603656071.8740,41
1603656071.8759,31
1603656071.8779,39
1603656071.8799,43
1603656071.8819,36
1603656071.8839,36
1603656071.8861,41
1603656071.8880,41
1603656071.8899,41
1603656071.8919,41
1603656071.8940,39
1603656071.8960,41
1603656071.8979,43
1603656071.8999,43
1603656071.9019,41
1603656071.9039,39
1603656071.9059,43
1603656071.9079,48
1603656071.9099,48
1603656071.9119,48
1603656071.9139,48
1603656071.9159,51
1603656071.9179,53
1603656071.9199,56
1603656071.9219,53
1603656071.9239,53
1603656071.9259,56
1603656071.9279,56
1603656071.9299,58
1603656071.9319,65
1603656071.9340,75
1603656071.9360,80
1603656071.9379,87
1603656071.9399,104
1603656071.9419,107
1603656071.9439,87
1603656071.9459,68
1603656071.9479,61
1603656071.9499,53
1603656071.9519,43
1603656071.9539,41
1603656071.9559,46
1603656071.9579,53
1603656071.9600,51
1603656071.9619,43
1603656071.9639,65
1603656071.9659,161
1603656072.3635,310
1603656072.3643,390
1603656072.3657,300
1603656072.3676,0
1603656072.3696,-290
1603656072.3716,-222
1603656072.3736,12
1603656072.3756,51
1603656072.3777,19
1603656072.3796,46
1603656072.3818,48
1603656072.3836,26
1603656072.3856,26
1603656072.3877,36
1603656072.3896,39
1603656072.3916,36
1603656072.3936,41
1603656072.3957,43
1603656072.3976,46
1603656072.3996,51
1603656072.4016,51
1603656072.4036,56
1603656072.4056,65
1603656072.4076,68
1603656072.4096,65
1603656072.4116,63
1603656072.4136,68
1603656072.4156,73
1603656072.4176,73
1603656072.4195,80
1603656072.4215,83
1603656072.4236,80
1603656072.4256,75
1603656072.4276,75
1603656072.4295,70
1603656072.4316,65
1603656072.4335,68
1603656072.4356,68
1603656072.4376,63
1603656072.4396,61
1603656072.4416,63
1603656072.4436,70
1603656072.4456,73
1603656072.4476,70
1603656072.4496,65
1603656072.4515,61
1603656072.4536,53
1603656072.4556,46
1603656072.4576,46
1603656072.4596,43
1603656072.4615,36
1603656072.4635,26
1603656072.4655,21
1603656072.4676,21
1603656072.4695,29
1603656072.4716,31
1603656072.4735,31
1603656072.4756,39
1603656072.4776,43
1603656072.4795,46
1603656072.4815,46
1603656072.4837,43
1603656072.4856,43
1603656072.4876,51
1603656072.4895,51
1603656072.4916,46
1603656072.4935,41
1603656072.4955,41
1603656072.4976,46
1603656072.4996,51
1603656072.5016,48
1603656072.5035,43
1603656072.5056,41
1603656072.9036,39
1603656072.9044,36
1603656072.9069,41
1603656072.9095,43
1603656072.9115,41
1603656072.9135,39
1603656072.9155,39
1603656072.9176,39
1603656072.9195,31
1603656072.9215,21
1603656072.9235,24
1603656072.9255,26
1603656072.9274,17
1603656072.9294,9
1603656072.9314,19
1603656072.9334,26
1603656072.9354,24
1603656072.9374,24
1603656072.9394,24
1603656072.9414,24
1603656072.9434,31
1603656072.9454,39
1603656072.9474,43
1603656072.9494,53
1603656072.9514,70
1603656072.9534,83
1603656072.9554,83
1603656072.9571,68
1603656072.9594,53
1603656072.9614,46
1603656072.9634,39
1603656072.9654,31
1603656072.9674,26
1603656072.9694,26
1603656072.9714,29
1603656072.9734,31
1603656072.9754,34
1603656072.9774,58
1603656072.9794,156
1603656072.9815,312
1603656072.9834,385
1603656072.9854,263
1603656072.9874,-68
1603656072.9894,-332
1603656072.9914,-214
1603656072.9934,9
1603656072.9954,31
1603656072.9974,12
1603656072.9994,43
1603656073.0014,43
1603656073.0034,29
1603656073.0053,36
1603656073.0074,43
1603656073.0094,43
1603656073.0114,46
1603656073.0134,46
1603656073.0154,48
1603656073.0175,53
1603656073.0194,58
1603656073.0214,58
1603656073.0230,63
1603656073.0284,73
1603656073.0304,75
1603656073.0324,78
1603656073.0344,80
1603656073.0364,80
1603656073.0384,83
1603656073.0404,85
1603656073.0424,80
1603656073.0444,92
1603656073.0465,107
1603656073.0484,97
1603656073.0504,85
1603656073.4433,90
1603656073.4439,87
1603656073.4464,80
1603656073.4490,83
1603656073.4510,83
1603656073.4530,75
1603656073.4550,75
1603656073.4570,80
1603656073.4590,83
1603656073.4610,78
1603656073.4630,65
1603656073.4650,58
1603656073.4670,58
1603656073.4690,58
1603656073.4710,48
1603656073.4730,41
1603656073.4751,43
1603656073.4772,43
1603656073.4790,36
1603656073.4809,43
1603656073.4830,56
1603656073.4849,53
1603656073.4870,48
1603656073.4889,51
1603656073.4909,56
1603656073.4929,53
1603656073.4949,53
1603656073.4970,61
1603656073.4990,58
1603656073.5010,48
1603656073.5029,53
1603656073.5049,56
1603656073.5070,48
1603656073.5089,51
1603656073.5109,61
1603656073.5129,51
1603656073.5149,31
1603656073.5170,24
1603656073.5189,31
1603656073.5209,36
1603656073.5229,36
1603656073.5249,36
1603656073.5270,31
1603656073.5290,31
1603656073.5309,39
1603656073.5330,39
1603656073.5349,29
1603656073.5369,29
1603656073.5390,31
1603656073.5409,36
1603656073.5429,36
1603656073.5449,36
1603656073.5470,39
1603656073.5489,41
1603656073.5509,46
1603656073.5530,46
1603656073.5549,48
1603656073.5570,63
1603656073.5589,85
1603656073.5609,100
1603656073.5629,100
1603656073.5649,87
1603656073.5670,70
1603656073.5690,53
1603656073.5710,43
1603656073.5730,41
1603656073.5750,39
1603656073.5770,39
1603656073.5791,41
1603656073.5810,41
1603656073.5829,48
1603656073.5849,73
1603656073.5870,163
1603656073.9834,332
1603656073.9842,432
1603656073.9867,288
1603656073.9893,-97
1603656073.9913,-373
1603656073.9933,-217
1603656073.9954,24
1603656073.9973,26
1603656073.9993,4
1603656074.0012,46
1603656074.0033,36
1603656074.0052,12
1603656074.0073,34
1603656074.0092,53
1603656074.0113,41
1603656074.0133,41
1603656074.0152,53
1603656074.0173,53
1603656074.0192,53
1603656074.0212,61
1603656074.0232,63
1603656074.0252,61
1603656074.0273,65
1603656074.0292,75
1603656074.0313,78
1603656074.0332,80
1603656074.0353,83
1603656074.0373,83
1603656074.0392,83
1603656074.0412,83
1603656074.0432,85
1603656074.0452,92
1603656074.0472,92
1603656074.0492,87
1603656074.0512,90
1603656074.0532,95
1603656074.0552,90
1603656074.0572,80
1603656074.0592,75
1603656074.0612,75
1603656074.0632,75
1603656074.0652,70
1603656074.0672,65
1603656074.0692,65
1603656074.0712,63
1603656074.0733,51
1603656074.0754,46
1603656074.0773,46
1603656074.0792,46
1603656074.0812,43
1603656074.0832,43
1603656074.0852,41
1603656074.0872,41
1603656074.0892,48
1603656074.0912,51
1603656074.0932,51
1603656074.0952,53
1603656074.0972,58
1603656074.0992,58
1603656074.1012,58
1603656074.1032,63
1603656074.1052,65
1603656074.1072,63
1603656074.1092,61
1603656074.1112,58
1603656074.1132,61
1603656074.1152,63
1603656074.1172,58
1603656074.1192,53
1603656074.1212,51
1603656074.1232,41
1603656074.1252,34
1603656074.1272,34
1603656074.5531,34
1603656074.5539,29
1603656074.5564,34
1603656074.5590,34
1603656074.5610,12
1603656074.5630,7
1603656074.5652,21
1603656074.5670,24
1603656074.5689,17
1603656074.5709,19
1603656074.5730,19
1603656074.5749,19
1603656074.5769,29
1603656074.5789,36
1603656074.5810,39
1603656074.5829,43
1603656074.5849,61
1603656074.5869,80
1603656074.5889,78
1603656074.5909,53
1603656074.5929,46
1603656074.5949,41
1603656074.5970,21
1603656074.5989,12
1603656074.6011,17
1603656074.6030,17
1603656074.6050,19
1603656074.6070,24
1603656074.6090,26
1603656074.6109,78
1603656074.6129,224
1603656074.6149,388
1603656074.6170,378
1603656074.6189,102
1603656074.6209,-290
1603656074.6229,-373
1603656074.6250,-102
1603656074.6269,46
1603656074.6289,2
1603656074.6309,9
1603656074.6329,36
1603656074.6349,21
1603656074.6369,17
1603656074.6389,31
1603656074.6409,36
1603656074.6429,39
1603656074.6449,43
1603656074.6470,43
1603656074.6489,48
1603656074.6509,56
1603656074.6529,58
1603656074.6550,53
1603656074.6570,56
1603656074.6589,63
1603656074.6609,65
1603656074.6629,70
1603656074.6649,78
1603656074.6669,83
1603656074.6689,78
1603656074.6709,83
1603656074.6729,90
1603656074.6749,90
1603656074.6769,87
1603656074.6789,87
1603656074.6809,87
1603656074.6829,87
1603656074.6849,83
1603656074.6869,78
1603656074.6889,73
1603656074.6909,73
1603656074.6929,68
1603656074.6949,63
1603656074.6969,63
1603656075.2135,61
1603656075.2146,51
1603656075.2172,43
1603656075.2196,39
1603656075.2216,34
1603656075.2236,21
1603656075.2257,14
1603656075.2276,14
1603656075.2296,21
1603656075.2316,21
1603656075.2336,24
1603656075.2356,29
1603656075.2376,29
1603656075.2395,31
1603656075.2415,31
1603656075.2435,24
1603656075.2456,19
1603656075.2476,34
1603656075.2496,41
1603656075.2515,34
1603656075.2535,26
1603656075.2555,31
1603656075.2576,36
1603656075.2595,36
1603656075.2615,36
1603656075.2635,39
1603656075.2655,39
1603656075.2675,31
1603656075.2695,29
1603656075.2715,26
1603656075.2735,26
1603656075.2755,26
1603656075.2776,24
1603656075.2795,19
1603656075.2815,17
1603656075.2835,17
1603656075.2855,14
1603656075.2876,9
1603656075.2895,12
1603656075.2915,14
1603656075.2935,12
1603656075.2956,17
1603656075.2975,29
1603656075.2995,41
1603656075.3015,53
1603656075.3036,65
1603656075.3055,68
1603656075.3076,53
1603656075.3095,36
1603656075.3115,29
1603656075.3135,24
1603656075.3155,12
1603656075.3175,0
1603656075.3196,4
1603656075.3216,9
1603656075.3235,9
1603656075.3255,12
1603656075.3276,41
1603656075.3295,148
1603656075.3315,314
1603656075.3335,388
1603656075.3355,227
1603656075.3375,-144
1603656075.3395,-375
1603656075.3415,-205
1603656075.3435,9
1603656075.3455,7
1603656075.3476,-9
1603656075.3495,21
1603656075.3515,17
1603656075.3535,7
1603656075.3555,19
1603656075.3575,24
1603656075.6933,24
1603656075.6939,26
1603656075.6963,29
1603656075.6990,31
1603656075.7009,31
1603656075.7029,34
1603656075.7050,39
1603656075.7069,39
1603656075.7089,39
1603656075.7109,39
1603656075.7129,41
1603656075.7149,43
1603656075.7169,43
1603656075.7189,46
1603656075.7209,41
1603656075.7229,39
1603656075.7249,46
1603656075.7270,46
1603656075.7289,36
1603656075.7309,31
1603656075.7329,36
1603656075.7349,39
1603656075.7369,34
1603656075.7389,29
1603656075.7409,34
1603656075.7429,34
1603656075.7449,26
1603656075.7469,24
1603656075.7489,26
1603656075.7509,26
1603656075.7530,19
1603656075.7551,12
1603656075.7569,9
1603656075.7589,12
1603656075.7609,9
1603656075.7629,4
1603656075.7649,7
1603656075.7669,14
1603656075.7691,7
1603656075.7709,7
1603656075.7729,17
1603656075.7750,24
1603656075.7756,19
1603656075.7779,14
1603656075.7800,17
1603656075.7819,29
1603656075.7839,36
1603656075.7859,31
1603656075.7880,34
1603656075.7899,39
1603656075.7919,41
1603656075.7939,41
1603656075.7959,43
1603656075.7979,43
1603656075.7999,41
1603656075.8019,36
1603656075.8039,34
1603656075.8059,34
1603656075.8066,34
1603656075.8080,36
1603656075.8099,36
1603656075.8119,34
1603656075.8139,29
1603656075.8159,31
1603656075.8179,34
1603656075.8199,29
1603656075.8219,29
1603656075.8240,34
1603656075.8259,36
1603656075.8279,39
1603656075.8299,48
1603656075.8319,65
1603656075.8339,83
1603656076.2638,83
1603656076.2650,63
1603656076.2674,48
1603656076.2700,43
1603656076.2720,29
1603656076.2740,14
1603656076.2762,4
1603656076.2780,-9
1603656076.2800,-21
1603656076.2823,-12
1603656076.2840,-2
1603656076.2860,-9
1603656076.2880,0
1603656076.2899,70
1603656076.2919,222
1603656076.2939,354
1603656076.2959,312
1603656076.2966,29
1603656076.2979,-317
1603656076.2999,-329
1603656076.3019,-78
1603656076.3039,9
1603656076.3059,-21
1603656076.3079,0
1603656076.3099,14
1603656076.3119,0
1603656076.3139,7
1603656076.3159,17
1603656076.3179,17
1603656076.3198,24
1603656076.3219,31
1603656076.3239,31
1603656076.3259,34
1603656076.3343,39
1603656076.3359,41
1603656076.3379,41
1603656076.3399,46
1603656076.3420,48
1603656076.3439,51
1603656076.3459,51
1603656076.3479,56
1603656076.3499,63
1603656076.3519,70
1603656076.3539,70
1603656076.3558,68
1603656076.3579,75
1603656076.3599,78
1603656076.3619,75
1603656076.3626,78
1603656076.3638,75
1603656076.3659,68
1603656076.3678,65
1603656076.3699,70
1603656076.3719,73
1603656076.3739,70
1603656076.3759,68
1603656076.3779,63
1603656076.3799,63
1603656076.3818,61
1603656076.3839,53
1603656076.3861,46
1603656076.3879,46
1603656076.3899,43
1603656076.3918,36
1603656076.3926,36
1603656076.3939,36
1603656076.3959,29
1603656076.3979,26
1603656076.3998,36
1603656076.4019,39
1603656076.4039,34
1603656076.4059,36
1603656076.4079,43
1603656076.8031,48
1603656076.8040,51
1603656076.8065,53
1603656076.8091,56
1603656076.8111,58
1603656076.8119,56
1603656076.8141,53
1603656076.8162,61
1603656076.8181,56
1603656076.8201,41
1603656076.8220,41
1603656076.8240,48
1603656076.8260,39
1603656076.8280,34
1603656076.8300,43
1603656076.8320,41
1603656076.8340,34
1603656076.8360,36
1603656076.8380,41
1603656076.8400,43
1603656076.8420,46
1603656076.8428,46
1603656076.8450,46
1603656076.8470,43
1603656076.8490,43
1603656076.8510,58
1603656076.8530,85
1603656076.8550,104
1603656076.8570,100
1603656076.8590,85
1603656076.8610,73
1603656076.8630,68
1603656076.8650,61
1603656076.8670,53
1603656076.8690,51
1603656076.8710,48
1603656076.8730,39
1603656076.8737,34
1603656076.8763,39
1603656076.8781,46
1603656076.8801,63
1603656076.8820,139
1603656076.8840,288
1603656076.8860,402
1603656076.8880,332
1603656076.8900,7
1603656076.8920,-339
1603656076.8940,-295
1603656076.8960,-29
1603656076.8980,34
1603656076.9000,-2
1603656076.9020,26
1603656076.9040,39
1603656076.9047,26
1603656076.9070,31
1603656076.9090,39
1603656076.9110,34
1603656076.9130,34
1603656076.9150,36
1603656076.9170,36
1603656076.9190,31
1603656076.9210,39
1603656076.9230,48
1603656076.9250,48
1603656076.9270,51
1603656076.9290,58
1603656076.9310,56
1603656076.9330,58
1603656076.9350,65
1603656076.9357,70
1603656076.9380,78
1603656076.9400,78
1603656076.9420,78
1603656077.4034,85
1603656077.4045,92
1603656077.4069,87
1603656077.4095,83
1603656077.4115,87
1603656077.4135,87
1603656077.4157,75
1603656077.4175,65
1603656077.4195,73
1603656077.4202,70
1603656077.4225,63
1603656077.4245,61
1603656077.4265,56
1603656077.4285,53
1603656077.4304,53
1603656077.4324,46
1603656077.4346,36
1603656077.4364,31
1603656077.4384,26
1603656077.4404,29
1603656077.4424,36
1603656077.4444,39
1603656077.4465,36
1603656077.4484,34
1603656077.4504,43
1603656077.4511,46
1603656077.4524,39
1603656077.4544,43
1603656077.4565,58
1603656077.4584,56
1603656077.4604,53
1603656077.4625,61
1603656077.4644,61
1603656077.4664,61
1603656077.4684,63
1603656077.4705,58
1603656077.4724,48
1603656077.4745,46
1603656077.4764,56
1603656077.4784,65
1603656077.4805,53
1603656077.4824,39
1603656077.4844,46
1603656077.4865,53
1603656077.4884,46
1603656077.4904,46
1603656077.4924,48
1603656077.4944,43
1603656077.4965,34
1603656077.4984,26
1603656077.5004,31
1603656077.5024,34
1603656077.5044,36
1603656077.5064,36
1603656077.5084,51
1603656077.5104,75
1603656077.5125,85
1603656077.5144,68
1603656077.5165,61
1603656077.5184,61
1603656077.5204,48
1603656077.5225,36
1603656077.5244,36
1603656077.5264,31
1603656077.5284,21
1603656077.5304,26
1603656077.5324,31
1603656077.5346,26
1603656077.5364,36
1603656077.5384,90
1603656077.5404,227
1603656077.5424,388
1603656077.5444,402
1603656077.9737,141
1603656077.9749,-263
1603656077.9773,-378
1603656077.9799,-124
1603656077.9819,31
1603656077.9839,-4
1603656077.9859,-7
1603656077.9880,14
1603656077.9899,4
1603656077.9919,2
1603656077.9939,9
1603656077.9960,2
1603656077.9979,-2
1603656077.9999,7
1603656078.0019,9
1603656078.0039,4
1603656078.0059,12
1603656078.0078,24
1603656078.0099,26
1603656078.0118,19
1603656078.0138,26
1603656078.0159,41
1603656078.0178,41
1603656078.0198,39
1603656078.0219,48
1603656078.0239,58
1603656078.0258,61
1603656078.0279,63
1603656078.0299,70
1603656078.0318,75
1603656078.0339,73
1603656078.0358,70
1603656078.0378,70
1603656078.0398,68
1603656078.0418,65
1603656078.0438,68
1603656078.0460,68
1603656078.0478,68
1603656078.0498,63
1603656078.0518,41
1603656078.0538,31
1603656078.0558,36
1603656078.0578,26
1603656078.0598,7
1603656078.0618,2
1603656078.0640,2
1603656078.0659,-2
1603656078.0678,-2
1603656078.0699,0
1603656078.0718,2
1603656078.0738,4
1603656078.0758,4
1603656078.0778,7
1603656078.0798,12
1603656078.0818,9
1603656078.0838,9
1603656078.0858,17
1603656078.0878,21
1603656078.0899,21
1603656078.0918,24
1603656078.0938,21
1603656078.0958,26
1603656078.0978,31
1603656078.0998,29
1603656078.1018,29
1603656078.1038,34
1603656078.1058,29
1603656078.1078,24
1603656078.1098,24
1603656078.1118,24
1603656078.1138,21
1603656078.1158,19
1603656078.1178,19
1603656078.5136,14
1603656078.5143,9
1603656078.5168,12
1603656078.5194,14
1603656078.5214,9
1603656078.5234,2
1603656078.5255,4
1603656078.5274,12
1603656078.5294,0
1603656078.5315,-17
1603656078.5334,-14
1603656078.5354,-4
1603656078.5374,-4
1603656078.5394,7
1603656078.5414,34
1603656078.5434,48
1603656078.5454,41
1603656078.5474,24
1603656078.5493,9
1603656078.5513,0
1603656078.5533,-2
1603656078.5553,-2
1603656078.5574,-4
1603656078.5595,-4
1603656078.5615,4
1603656078.5634,4
1603656078.5653,4
1603656078.5673,21
1603656078.5693,102
1603656078.5713,263
1603656078.5733,371
1603656078.5753,266
1603656078.5774,-75
1603656078.5794,-380
1603656078.5813,-295
1603656078.5833,-43
1603656078.5853,-4
1603656078.5874,-43
1603656078.5894,-14
1603656078.5913,-9
1603656078.5934,-29
1603656078.5954,-19
1603656078.5974,2
1603656078.5994,48
1603656078.6014,214
1603656078.6033,490
1603656078.6053,622
1603656078.6074,576
1603656078.6093,368
1603656078.6113,-68
1603656078.6133,-324
1603656078.6153,-317
1603656078.6173,-402
1603656078.6193,-390
1603656078.6213,-53
1603656078.6234,441
1603656078.6253,632
1603656078.6273,168
1603656078.6294,-400
1603656078.6313,-341
1603656078.6333,100
1603656078.6353,302
1603656078.6374,339
1603656078.6393,390
1603656078.6413,410
1603656078.6434,454
1603656078.6453,354
1603656078.6474,197
1603656078.6493,227
1603656078.6513,236
1603656078.6533,173
1603656078.6553,61
1603656078.6573,-36
1603656079.0835,163
1603656079.0846,212
1603656079.0869,-131
1603656079.0894,-70
1603656079.0914,463
1603656079.0934,500
1603656079.0956,0
1603656079.0973,-146
1603656079.0993,-21
1603656079.1013,-80
1603656079.1033,-68
1603656079.1054,56
1603656079.1074,73
1603656079.1093,46
1603656079.1113,63
1603656079.1134,187
1603656079.1153,317
1603656079.1173,-2
1603656079.1193,-505
1603656079.1213,-275
1603656079.1234,224
1603656079.1254,4
1603656079.1274,-361
1603656079.1293,-107
1603656079.1313,239
1603656079.1333,107
1603656079.1353,-122
1603656079.1373,-87
1603656079.1393,9
1603656079.1413,31
1603656079.1433,-21
1603656079.1454,-114
1603656079.1474,-17
1603656079.1493,126
1603656079.1513,39
1603656079.1533,-36
1603656079.1553,46
1603656079.1573,21
1603656079.1593,-102
1603656079.1613,-29
1603656079.1633,87
1603656079.1653,-61
1603656079.1673,-134
1603656079.1693,46
1603656079.1713,104
1603656079.1733,73
1603656079.1753,83
1603656079.1773,19
1603656079.1793,-26
1603656079.1813,0
1603656079.1833,68
1603656079.1854,153
1603656079.1875,158
1603656079.1893,17
1603656079.1913,-63
1603656079.1933,-9
1603656079.1953,-19
1603656079.1973,-95
1603656079.1993,-70
1603656079.2013,83
1603656079.2033,158
1603656079.2053,183
1603656079.2074,417
1603656079.2093,520
1603656079.2113,56
1603656079.2133,-437
1603656079.2153,-324
1603656079.2173,-34
1603656079.2193,-43
1603656079.2213,-107
1603656079.2233,-43
1603656079.2253,19
1603656079.2274,-9
1603656079.6234,-109
1603656079.6243,-112
1603656079.6268,21
1603656079.6294,19
1603656079.6313,-119
1603656079.6333,-131
1603656079.6354,-139
1603656079.6373,-158
1603656079.6393,-61
1603656079.6413,-56
1603656079.6433,-134
1603656079.6453,-102
1603656079.6473,-70
1603656079.6493,-107
1603656079.6513,-104
1603656079.6532,-83
1603656079.6552,-87
1603656079.6573,-75
1603656079.6592,-75
1603656079.6612,-129
1603656079.6632,-109
1603656079.6652,-12
1603656079.6672,-78
1603656079.6692,-246
1603656079.6713,-124
1603656079.6733,136
1603656079.6752,65
1603656079.6772,-119
1603656079.6792,-87
1603656079.6812,-17
1603656079.6834,-17
1603656079.6853,-7
1603656079.6872,12
1603656079.6892,0
1603656079.6912,-34
1603656079.6933,-61
1603656079.6952,-73
1603656079.6972,-97
1603656079.6992,-153
1603656079.7013,-112
1603656079.7033,29
1603656079.7052,58
1603656079.7073,-2
1603656079.7092,-12
1603656079.7113,-36
1603656079.7133,-73
1603656079.7152,-80
1603656079.7173,-163
1603656079.7192,-319
1603656079.7212,-354
1603656079.7232,-219
1603656079.7252,-168
1603656079.7273,-241
1603656079.7293,-256
1603656079.7312,-266
1603656079.7332,-307
1603656079.7352,-290
1603656079.7372,-319
1603656079.7392,-407
1603656079.7412,-444
1603656079.7432,-512
1603656079.7452,-571
1603656079.7472,-483
1603656079.7492,-437
1603656079.7512,-546
1603656079.7532,-559
1603656079.7553,-468
1603656079.7573,-500
1603656079.7593,-556
1603656079.7612,-502
1603656079.7632,-461
1603656079.7652,-471
1603656079.7672,-441
1603656080.1635,-393
1603656080.1644,-397
1603656080.1669,-419
1603656080.1695,-400
1603656080.1715,-378
1603656080.1735,-410
1603656080.1756,-397
1603656080.1774,-295
1603656080.1796,-241
1603656080.1815,-285
1603656080.1834,-275
1603656080.1854,-185
1603656080.1874,-65
1603656080.1894,131
1603656080.1914,305
1603656080.1934,158
1603656080.1954,-297
1603656080.1974,-561
1603656080.1994,-378
1603656080.2014,-222
1603656080.2034,-285
1603656080.2054,-212
1603656080.2075,-75
1603656080.2094,-117
1603656080.2114,-141
1603656080.2134,-65
1603656080.2154,-19
1603656080.2174,-7
1603656080.2194,-12
1603656080.2214,12
1603656080.2234,56
1603656080.2254,12
1603656080.2274,-34
1603656080.2294,-2
1603656080.2314,29
1603656080.2334,70
1603656080.2354,122
1603656080.2374,107
1603656080.2394,70
1603656080.2414,75
1603656080.2434,70
1603656080.2454,34
1603656080.2474,46
1603656080.2494,102
1603656080.2514,126
1603656080.2534,112
1603656080.2554,97
1603656080.2574,78
1603656080.2594,75
1603656080.2614,107
1603656080.2634,119
1603656080.2654,144
1603656080.2674,166
1603656080.2694,100
1603656080.2714,34
1603656080.2733,31
1603656080.2754,48
1603656080.2774,102
1603656080.2794,161
1603656080.2815,109
1603656080.2834,56
1603656080.2854,100
1603656080.2874,122
1603656080.2894,141
1603656080.2913,249
1603656080.2933,249
1603656080.2954,43
1603656080.2974,-43
1603656080.2994,53
1603656080.3014,109
1603656080.3034,141
1603656080.3054,153
1603656080.3074,134
1603656080.7331,175
1603656080.7342,200
1603656080.7367,151
1603656080.7393,141
1603656080.7413,163
1603656080.7432,114
1603656080.7453,70
1603656080.7473,85
1603656080.7493,117
1603656080.7513,173
1603656080.7533,200
1603656080.7552,163
1603656080.7573,131
1603656080.7592,119
1603656080.7612,139
1603656080.7633,163
1603656080.7653,144
1603656080.7672,129
1603656080.7692,214
1603656080.7712,283
1603656080.7732,214
1603656080.7752,212
1603656080.7772,241
1603656080.7791,124
1603656080.7812,139
1603656080.7831,246
1603656080.7852,163
1603656080.7872,146
1603656080.7891,187
1603656080.7911,102
1603656080.7932,119
1603656080.7951,256
1603656080.7972,405
1603656080.7991,605
1603656080.8012,668
1603656080.8032,334
1603656080.8052,-102
1603656080.8074,-78
1603656080.8092,153
1603656080.8112,168
1603656080.8131,148
1603656080.8151,183
1603656080.8172,153
1603656080.8192,117
1603656080.8212,224
1603656080.8232,349
1603656080.8252,341
1603656080.8272,336
1603656080.8293,322
1603656080.8312,219
1603656080.8331,244
1603656080.8352,334
1603656080.8372,278
1603656080.8391,314
1603656080.8412,473
1603656080.8432,456
1603656080.8452,395
1603656080.8472,466
1603656080.8492,490
1603656080.8512,461
1603656080.8531,488
1603656080.8552,490
1603656080.8572,444
1603656080.8592,451
1603656080.8612,534
1603656080.8631,603
1603656080.8652,634
1603656080.8671,620
1603656080.8692,576
1603656080.8712,568
1603656080.8732,546
1603656080.8752,502
1603656080.8772,505
1603656081.2734,432
1603656081.2743,385
1603656081.2768,468
1603656081.2795,410
1603656081.2814,351
1603656081.2834,446
1603656081.2855,373
1603656081.2874,231
1603656081.2893,310
1603656081.2913,419
1603656081.2933,388
1603656081.2953,332
1603656081.2974,324
1603656081.2993,390
1603656081.3013,485
1603656081.3035,483
1603656081.3054,478
1603656081.3075,559
1603656081.3093,563
1603656081.3113,625
1603656081.3133,727
1603656081.3153,585
1603656081.3173,476
1603656081.3193,588
1603656081.3213,644
1603656081.3233,566
1603656081.3253,498
1603656081.3273,585
1603656081.3293,651
1603656081.3313,571
1603656081.3333,595
1603656081.3353,661
1603656081.3373,593
1603656081.3393,546
1603656081.3413,568
1603656081.3433,539
1603656081.3453,583
1603656081.3473,744
1603656081.3493,620
1603656081.3513,349
1603656081.3533,466
1603656081.3552,610
1603656081.3573,446
1603656081.3593,461
1603656081.3614,710
1603656081.3633,683
1603656081.3652,400
1603656081.3672,485
1603656081.3694,1015
1603656081.3713,1164
1603656081.3732,761
1603656081.3753,317
1603656081.3773,102
1603656081.3793,180
1603656081.3813,385
1603656081.3833,522
1603656081.3852,444
1603656081.3873,368
1603656081.3893,473
1603656081.3913,461
1603656081.3932,366
1603656081.3953,388
1603656081.3973,422
1603656081.3993,419
1603656081.4014,429
1603656081.4033,468
1603656081.4055,498
1603656081.4074,366
1603656081.4092,195
1603656081.4112,302
1603656081.4133,502
1603656081.4152,456
1603656081.4173,395
1603656081.8731,388
1603656081.8743,334
1603656081.8767,410
1603656081.8794,366
1603656081.8813,168
1603656081.8833,256
1603656081.8854,458
1603656081.8873,417
1603656081.8893,336
1603656081.8913,292
1603656081.8933,249
1603656081.8953,336
1603656081.8973,390
1603656081.8992,322
1603656081.9012,310
1603656081.9034,334
1603656081.9052,310
1603656081.9072,288
1603656081.9092,266
1603656081.9112,241
1603656081.9132,263
1603656081.9152,278
1603656081.9172,236
1603656081.9192,202
1603656081.9212,236
1603656081.9232,312
1603656081.9252,380
1603656081.9273,346
1603656081.9292,141
1603656081.9312,126
1603656081.9332,373
1603656081.9352,344
1603656081.9372,90
1603656081.9392,151
1603656081.9412,402
1603656081.9432,341
1603656081.9452,156
1603656081.9472,246
1603656081.9492,234
1603656081.9512,43
1603656081.9532,92
1603656081.9552,200
1603656081.9572,166
1603656081.9592,168
1603656081.9614,205
1603656081.9632,229
1603656081.9652,290
1603656081.9672,280
1603656081.9693,151
1603656081.9712,134
1603656081.9732,170
1603656081.9752,90
1603656081.9772,75
1603656081.9792,100
1603656081.9812,112
1603656081.9832,270
1603656081.9852,366
1603656081.9872,185
1603656081.9892,56
1603656081.9912,112
1603656081.9933,224
1603656081.9952,415
1603656081.9972,468
1603656081.9992,336
1603656082.0012,107
1603656082.0033,-302
1603656082.0052,-400
1603656082.0072,2
1603656082.0092,144
1603656082.0112,-46
1603656082.0132,-9
1603656082.0152,124
1603656082.0173,58
1603656082.4434,0
1603656082.4442,46
1603656082.4468,61
1603656082.4493,53
1603656082.4513,48
1603656082.4533,63
1603656082.4539,124
1603656082.4554,102
1603656082.4573,31
1603656082.4593,53
1603656082.4613,90
1603656082.4633,97
1603656082.4653,31
1603656082.4672,-90
1603656082.4693,-80
1603656082.4712,83
1603656082.4732,195
1603656082.4752,97
1603656082.4773,-9
1603656082.4792,78
1603656082.4812,68
1603656082.4832,-53
1603656082.4840,-17
1603656082.4853,97
1603656082.4872,63
1603656082.4892,24
1603656082.4912,122
1603656082.4933,97
1603656082.4952,0
1603656082.4973,17
1603656082.4992,26
1603656082.5014,0
1603656082.5032,12
1603656082.5052,48
1603656082.5072,78
1603656082.5092,80
1603656082.5112,53
1603656082.5132,51
1603656082.5139,58
1603656082.5152,43
1603656082.5172,41
1603656082.5192,75
1603656082.5212,100
1603656082.5232,73
1603656082.5252,56
1603656082.5272,109
1603656082.5292,146
1603656082.5312,104
1603656082.5332,73
1603656082.5352,85
1603656082.5373,46
1603656082.5392,34
1603656082.5412,153
1603656082.5432,195
1603656082.5438,14
1603656082.5452,-126
1603656082.5472,-17
1603656082.5492,117
1603656082.5512,100
1603656082.5532,63
1603656082.5552,39
1603656082.5572,51
1603656082.5592,178
1603656082.5613,314
1603656082.5632,249
1603656082.5652,2
1603656082.5672,-24
1603656082.5692,109
1603656082.5712,85
1603656082.5733,19
1603656082.5738,-17
1603656082.5752,36
1603656082.5772,273
1603656082.9839,527
1603656082.9848,534
1603656082.9872,251
1603656082.9898,-187
1603656082.9919,-415
1603656082.9939,-134
1603656082.9960,119
1603656082.9978,-14
1603656082.9999,-36
1603656083.0018,63
1603656083.0039,14
1603656083.0058,-34
1603656083.0078,-19
1603656083.0085,17
1603656083.0098,51
1603656083.0118,75
1603656083.0137,78
1603656083.0158,43
1603656083.0178,29
1603656083.0198,70
1603656083.0218,95
1603656083.0238,80
1603656083.0258,68
1603656083.0277,65
1603656083.0298,117
1603656083.0317,219
1603656083.0338,229
1603656083.0358,146
1603656083.0377,90
1603656083.0384,136
1603656083.0398,156
1603656083.0417,21
1603656083.0438,-9
1603656083.0457,173
1603656083.0478,222
1603656083.0498,107
1603656083.0517,139
1603656083.0537,183
1603656083.0558,75
1603656083.0578,63
1603656083.0598,166
1603656083.0618,200
1603656083.0638,195
1603656083.0658,192
1603656083.0678,163
1603656083.0684,124
1603656083.0698,100
1603656083.0718,100
1603656083.0738,146
1603656083.0758,217
1603656083.0778,241
1603656083.0799,209
1603656083.0818,231
1603656083.0838,266
1603656083.0858,175
1603656083.0878,117
1603656083.0898,270
1603656083.0917,480
1603656083.0938,412
1603656083.0957,122
1603656083.0977,107
1603656083.0984,285
1603656083.0998,270
1603656083.1018,144
1603656083.1038,190
1603656083.1058,390
1603656083.1077,385
1603656083.1098,202
1603656083.1118,166
1603656083.1138,251
1603656083.1158,310
1603656083.1178,275
1603656083.1198,178
1603656083.5531,136
1603656083.5539,209
1603656083.5564,300
1603656083.5590,295
1603656083.5610,258
1603656083.5630,266
1603656083.5651,307
1603656083.5669,422
1603656083.5690,600
1603656083.5710,654
1603656083.5730,388
1603656083.5750,29
1603656083.5770,-24
1603656083.5789,139
1603656083.5809,280
1603656083.5830,373
1603656083.5849,319
1603656083.5856,122
1603656083.5869,41
1603656083.5889,236
1603656083.5909,424
1603656083.5929,317
1603656083.5949,297
1603656083.5969,375
1603656083.5990,170
1603656083.6009,104
1603656083.6029,368
1603656083.6050,427
1603656083.6069,166
1603656083.6091,104
1603656083.6110,383
1603656083.6129,395
1603656083.6149,161
1603656083.6155,224
1603656083.6169,366
1603656083.6189,278
1603656083.6209,197
1603656083.6229,275
1603656083.6249,322
1603656083.6269,270
1603656083.6290,253
1603656083.6309,263
1603656083.6329,246
1603656083.6349,234
1603656083.6369,244
1603656083.6389,280
1603656083.6409,334
1603656083.6429,327
1603656083.6449,258
1603656083.6456,217
1603656083.6469,185
1603656083.6489,187
1603656083.6509,312
1603656083.6529,356
1603656083.6549,192
1603656083.6569,129
1603656083.6590,224
1603656083.6609,256
1603656083.6629,207
1603656083.6650,307
1603656083.6669,515
1603656083.6689,417
1603656083.6709,126
1603656083.6729,124
1603656083.6736,317
1603656083.6750,363
1603656083.6769,390
1603656083.6789,371
1603656083.6809,205
1603656083.6829,236
1603656083.6849,341
1603656083.6870,275
1603656083.6889,285
1603656084.0934,324
1603656084.0942,266
1603656084.0969,292
1603656084.0993,346
1603656084.1013,302
1603656084.1033,275
1603656084.1054,283
1603656084.1076,270
1603656084.1094,256
1603656084.1113,224
1603656084.1133,187
1603656084.1153,200
1603656084.1173,307
1603656084.1193,361
1603656084.1213,246
1603656084.1233,244
1603656084.1253,461
1603656084.1273,600
1603656084.1293,466
1603656084.1313,112
1603656084.1333,-46
1603656084.1353,134
1603656084.1372,190
1603656084.1392,61
1603656084.1413,180
1603656084.1432,427
1603656084.1452,209
1603656084.1473,-29
1603656084.1492,241
1603656084.1512,368
1603656084.1533,197
1603656084.1552,190
1603656084.1573,231
1603656084.1592,219
1603656084.1612,258
1603656084.1632,227
1603656084.1653,146
1603656084.1672,187
1603656084.1692,209
1603656084.1712,158
1603656084.1732,224
1603656084.1752,251
1603656084.1772,168
1603656084.1792,192
1603656084.1813,256
1603656084.1833,256
1603656084.1852,253
1603656084.1873,261
1603656084.1892,263
1603656084.1912,270
1603656084.1932,285
1603656084.1954,322
1603656084.1972,307
1603656084.1992,219
1603656084.2012,187
1603656084.2033,273
1603656084.2052,346
1603656084.2073,341
1603656084.2094,336
1603656084.2113,322
1603656084.2132,290
1603656084.2152,258
1603656084.2172,217
1603656084.2192,236
1603656084.2212,310
1603656084.2232,368
1603656084.2252,371
1603656084.2273,378
1603656084.2292,422
1603656084.2312,373
1603656084.2333,234
1603656084.2352,180
1603656084.2373,222
1603656084.6335,290
1603656084.6344,314
1603656084.6368,258
1603656084.6394,253
1603656084.6415,283
1603656084.6435,261
1603656084.6455,312
1603656084.6474,312
1603656084.6494,153
1603656084.6514,161
1603656084.6534,302
1603656084.6554,292
1603656084.6574,217
1603656084.6594,219
1603656084.6614,227
1603656084.6634,200
1603656084.6654,197
1603656084.6674,236
1603656084.6694,266
1603656084.6715,249
1603656084.6734,234
1603656084.6754,258
1603656084.6774,346
1603656084.6794,573
1603656084.6814,756
1603656084.6834,544
1603656084.6854,56
1603656084.6874,-153
1603656084.6894,26
1603656084.6914,205
1603656084.6934,356
1603656084.6954,490
1603656084.6973,317
1603656084.6993,178
1603656084.7014,285
1603656084.7033,170
1603656084.7055,21
1603656084.7074,224
1603656084.7094,371
1603656084.7114,227
1603656084.7133,139
1603656084.7153,173
1603656084.7174,153
1603656084.7193,129
1603656084.7213,151
1603656084.7234,190
1603656084.7254,148
1603656084.7274,43
1603656084.7293,63
1603656084.7314,168
1603656084.7334,209
1603656084.7354,227
1603656084.7373,273
1603656084.7393,319
1603656084.7414,371
1603656084.7433,410
1603656084.7453,383
1603656084.7473,351
1603656084.7493,366
1603656084.7514,383
1603656084.7533,383
1603656084.7553,407
1603656084.7574,419
1603656084.7593,373
1603656084.7613,349
1603656084.7633,361
1603656084.7653,361
1603656084.7673,336
1603656084.7693,415
1603656084.7714,629
1603656084.7733,551
1603656084.7753,207
1603656084.7774,253
1603656085.2637,456
1603656085.2648,314
1603656085.2673,183
1603656085.2699,253
1603656085.2719,273
1603656085.2739,297
1603656085.2760,314
1603656085.2779,222
1603656085.2800,151
1603656085.2820,141
1603656085.2840,168
1603656085.2860,246
1603656085.2879,297
1603656085.2899,268
1603656085.2921,263
1603656085.2939,307
1603656085.2959,324
1603656085.2979,332
1603656085.2999,339
1603656085.3018,305
1603656085.3038,290
1603656085.3058,336
1603656085.3078,349
1603656085.3098,334
1603656085.3118,361
1603656085.3138,373
1603656085.3159,346
1603656085.3179,307
1603656085.3199,319
1603656085.3218,551
1603656085.3239,891
1603656085.3258,708
1603656085.3278,-12
1603656085.3298,-241
1603656085.3318,122
1603656085.3338,224
1603656085.3360,144
1603656085.3378,246
1603656085.3399,366
1603656085.3419,383
1603656085.3438,258
1603656085.3459,122
1603656085.3478,153
1603656085.3498,217
1603656085.3518,217
1603656085.3538,229
1603656085.3558,249
1603656085.3578,253
1603656085.3598,268
1603656085.3618,273
1603656085.3639,266
1603656085.3658,273
1603656085.3678,288
1603656085.3698,280
1603656085.3718,270
1603656085.3738,283
1603656085.3758,300
1603656085.3778,295
1603656085.3798,270
1603656085.3818,241
1603656085.3838,219
1603656085.3858,200
1603656085.3878,183
1603656085.3898,148
1603656085.3918,122
1603656085.3926,124
1603656085.3939,134
1603656085.3958,134
1603656085.3978,129
1603656085.3998,117
1603656085.4018,95
1603656085.4038,97
1603656085.4059,122
1603656085.8031,114
1603656085.8039,90
1603656085.8064,90
1603656085.8089,104
1603656085.8109,100
1603656085.8117,75
1603656085.8130,65
1603656085.8150,78
1603656085.8169,85
1603656085.8189,61
1603656085.8209,26
1603656085.8229,-2
1603656085.8250,-4
1603656085.8269,12
1603656085.8289,14
1603656085.8309,9
1603656085.8328,19
1603656085.8349,24
1603656085.8369,19
1603656085.8389,39
1603656085.8396,39
1603656085.8409,17
1603656085.8428,36
1603656085.8449,68
1603656085.8469,53
1603656085.8489,17
1603656085.8509,-17
1603656085.8528,-26
1603656085.8549,-14
1603656085.8569,-7
1603656085.8589,-4
1603656085.8609,0
1603656085.8629,4
1603656085.8649,41
1603656085.8668,158
1603656085.8689,297
1603656085.8695,317
1603656085.8708,102
1603656085.8729,-261
1603656085.8749,-366
1603656085.8769,-131
1603656085.8788,-9
1603656085.8809,-83
1603656085.8831,-78
1603656085.8850,4
1603656085.8870,141
1603656085.8889,207
1603656085.8909,24
1603656085.8929,-136
1603656085.8950,-109
1603656085.8969,-104
1603656085.8989,-141
1603656085.8995,-90
1603656085.9009,-65
1603656085.9029,-112
1603656085.9048,-48
1603656085.9069,17
1603656085.9089,-24
1603656085.9109,24
1603656085.9129,129
1603656085.9149,124
1603656085.9169,126
1603656085.9188,187
1603656085.9208,202
1603656085.9229,209
1603656085.9249,227
1603656085.9269,209
1603656085.9289,217
1603656085.9296,231
1603656085.9309,178
1603656085.9328,183
1603656085.9349,280
1603656085.9368,280
1603656086.3439,197
1603656086.3447,170
1603656086.3457,124
1603656086.3476,73
1603656086.3496,136
1603656086.3517,231
1603656086.3536,300
1603656086.3557,341
1603656086.3563,234
1603656086.3576,43
1603656086.3596,21
1603656086.3616,51
1603656086.3636,-9
1603656086.3656,97
1603656086.3676,266
1603656086.3697,170
1603656086.3716,41
1603656086.3736,75
1603656086.3756,83
1603656086.3776,73
1603656086.3796,131
1603656086.3818,136
1603656086.3836,95
1603656086.3856,114
1603656086.3863,141
1603656086.3876,129
1603656086.3896,114
1603656086.3916,124
1603656086.3936,141
1603656086.3956,112
1603656086.3977,48
1603656086.3996,58
1603656086.4016,104
1603656086.4036,117
1603656086.4056,170
1603656086.4076,175
1603656086.4096,41
1603656086.4116,-31
1603656086.4136,70
1603656086.4156,239
1603656086.4163,317
1603656086.4176,351
1603656086.4196,319
1603656086.4216,-56
1603656086.4236,-437
1603656086.4256,-175
1603656086.4276,229
1603656086.4296,183
1603656086.4316,73
1603656086.4336,48
1603656086.4356,-48
1603656086.4376,46
1603656086.4396,183
1603656086.4416,19
1603656086.4436,-78
1603656086.4456,31
1603656086.4463,131
1603656086.4476,141
1603656086.4497,31
1603656086.4516,26
1603656086.4536,114
1603656086.4557,51
1603656086.4576,2
1603656086.4596,63
1603656086.4616,58
1603656086.4636,19
1603656086.4656,24
1603656086.4676,17
1603656086.4696,7
1603656086.4716,17
1603656086.4736,0
1603656086.4756,-41
1603656086.4764,-46
1603656086.9135,21
1603656086.9143,104
1603656086.9167,56
1603656086.9194,-112
1603656086.9214,-141
1603656086.9234,31
1603656086.9255,87
1603656086.9274,-7
1603656086.9294,-19
1603656086.9314,31
1603656086.9334,14
1603656086.9354,63
1603656086.9374,197
1603656086.9393,41
1603656086.9413,-185
1603656086.9420,-12
1603656086.9434,136
1603656086.9453,-26
1603656086.9473,-48
1603656086.9493,97
1603656086.9513,51
1603656086.9533,-97
1603656086.9553,-104
1603656086.9573,9
1603656086.9593,24
1603656086.9613,-85
1603656086.9633,-107
1603656086.9654,-73
1603656086.9673,-85
1603656086.9693,-75
1603656086.9713,-29
1603656086.9719,-12
1603656086.9733,-24
1603656086.9753,-34
1603656086.9773,-51
1603656086.9793,-95
1603656086.9813,-134
1603656086.9833,-117
1603656086.9853,-63
1603656086.9873,-61
1603656086.9893,-97
1603656086.9913,-58
1603656086.9933,-4
1603656086.9953,-56
1603656086.9973,-41
1603656086.9993,129
1603656087.0013,227
1603656087.0020,268
1603656087.0033,151
1603656087.0053,-251
1603656087.0075,-363
1603656087.0094,-146
1603656087.0113,-180
1603656087.0133,-200
1603656087.0153,61
1603656087.0173,124
1603656087.0193,-83
1603656087.0213,-122
1603656087.0233,29
1603656087.0253,2
1603656087.0273,-224
1603656087.0293,-234
1603656087.0313,-58
1603656087.0320,-48
1603656087.0333,-117
1603656087.0353,-112
1603656087.0373,-92
1603656087.0393,-78
1603656087.0413,-90
1603656087.0433,-112
1603656087.0453,-102
1603656087.0473,-95
1603656087.0493,-117
1603656087.4532,-131
1603656087.4541,-117
1603656087.4565,-102
1603656087.4576,-53
1603656087.4591,7
1603656087.4611,-75
1603656087.4631,-190
1603656087.4653,-192
1603656087.4671,-158
1603656087.4691,-112
1603656087.4711,-9
1603656087.4731,70
1603656087.4751,51
1603656087.4771,-43
1603656087.4791,-161
1603656087.4810,-83
1603656087.4831,21
1603656087.4851,-100
1603656087.4871,-114
1603656087.4877,31
1603656087.4891,-19
1603656087.4910,-117
1603656087.4930,14
1603656087.4950,21
1603656087.4971,-139
1603656087.4990,-31
1603656087.5011,75
1603656087.5031,-95
1603656087.5052,-131
1603656087.5071,-46
1603656087.5090,-109
1603656087.5110,-117
1603656087.5131,-56
1603656087.5150,-61
1603656087.5170,-56
1603656087.5177,-36
1603656087.5190,-65
1603656087.5210,-80
1603656087.5231,-48
1603656087.5250,-39
1603656087.5271,-70
1603656087.5290,-75
1603656087.5312,-65
1603656087.5330,-117
1603656087.5350,-151
1603656087.5371,-114
1603656087.5390,-75
1603656087.5410,-95
1603656087.5430,-83
1603656087.5450,75
1603656087.5457,187
1603656087.5470,214
1603656087.5490,246
1603656087.5510,-70
1603656087.5530,-500
1603656087.5550,-351
1603656087.5571,-43
1603656087.5590,-95
1603656087.5610,-178
1603656087.5630,-61
1603656087.5650,4
1603656087.5670,-148
1603656087.5690,-170
1603656087.5710,-12
1603656087.5730,-12
1603656087.5750,-139
1603656087.5757,-207
1603656087.5770,-156
1603656087.5790,-65
1603656087.5811,-70
1603656087.5830,-95
1603656087.5851,-56
1603656087.5870,-41
1603656088.0531,-78
1603656088.0542,-78
1603656088.0566,-61
1603656088.0592,-100
1603656088.0612,-129
1603656088.0632,-80
1603656088.0656,-65
1603656088.0673,-92
1603656088.0679,-68
1603656088.0693,-78
1603656088.0713,-156
1603656088.0732,-158
1603656088.0752,-63
1603656088.0772,-21
1603656088.0792,-122
1603656088.0812,-170
1603656088.0832,-161
1603656088.0852,-190
1603656088.0872,-124
1603656088.0892,-41
1603656088.0911,-46
1603656088.0931,-51
1603656088.0952,-31
1603656088.0972,12
1603656088.0978,36
1603656088.0991,-9
1603656088.1011,-73
1603656088.1031,-68
1603656088.1051,53
1603656088.1072,124
1603656088.1092,46
1603656088.1112,-29
1603656088.1132,-53
1603656088.1152,-58
1603656088.1172,-97
1603656088.1192,-63
1603656088.1211,83
1603656088.1231,92
1603656088.1252,-43
1603656088.1272,-97
1603656088.1278,-46
1603656088.1292,-7
1603656088.1312,19
1603656088.1331,19
1603656088.1351,-36
1603656088.1372,-61
1603656088.1392,-56
1603656088.1411,-87
1603656088.1431,-104
1603656088.1452,-102
1603656088.1471,-102
1603656088.1492,-92
1603656088.1511,-83
1603656088.1531,-21
1603656088.1552,166
1603656088.1572,292
1603656088.1578,148
1603656088.1593,-178
1603656088.1612,-405
1603656088.1632,-341
1603656088.1652,-192
1603656088.1672,-163
1603656088.1691,-175
1603656088.1712,-158
1603656088.1732,-117
1603656088.1751,-109
1603656088.1772,-124
1603656088.1792,-122
1603656088.1812,-100
1603656088.1832,61
1603656088.1853,107
1603656088.1872,-161
1603656088.1878,-246
1603656088.6230,-170
1603656088.6238,-170
1603656088.6263,-92
1603656088.6289,-68
1603656088.6309,-148
1603656088.6329,-141
1603656088.6350,-31
1603656088.6369,31
1603656088.6388,-36
1603656088.6408,-85
1603656088.6429,-58
1603656088.6449,-63
1603656088.6469,-70
1603656088.6475,-46
1603656088.6488,-48
1603656088.6508,-87
1603656088.6528,-100
1603656088.6548,-68
1603656088.6569,-34
1603656088.6588,-14
1603656088.6608,7
1603656088.6628,7
1603656088.6648,-14
1603656088.6668,-21
1603656088.6688,-36
1603656088.6708,2
1603656088.6728,80
1603656088.6748,9
1603656088.6769,-117
1603656088.6775,-90
1603656088.6788,19
1603656088.6808,26
1603656088.6828,-53
1603656088.6848,-73
1603656088.6869,-9
1603656088.6890,146
1603656088.6909,263
1603656088.6928,65
1603656088.6948,-166
1603656088.6968,-83
1603656088.6988,19
1603656088.7009,-7
1603656088.7028,58
1603656088.7048,129
1603656088.7068,85
1603656088.7075,58
1603656088.7088,56
1603656088.7108,53
1603656088.7128,36
1603656088.7148,4
1603656088.7167,12
1603656088.7188,24
1603656088.7208,29
1603656088.7228,39
1603656088.7248,53
1603656088.7268,92
1603656088.7288,131
1603656088.7308,224
1603656088.7328,400
1603656088.7348,424
1603656088.7368,109
1603656088.7374,-236
1603656088.7388,-185
1603656088.7408,56
1603656088.7428,100
1603656088.7448,46
1603656088.7468,65
1603656088.7488,109
1603656088.7508,109
1603656088.7528,95
1603656088.7548,153
1603656088.7568,200
1603656088.7588,117
1603656089.1634,39
1603656089.1642,53
1603656089.1667,53
1603656089.1678,68
1603656089.1693,122
1603656089.1713,224
1603656089.1733,419
1603656089.1754,378
1603656089.1773,43
1603656089.1793,-83
1603656089.1813,83
1603656089.1833,268
1603656089.1853,268
1603656089.1874,124
1603656089.1893,117
1603656089.1912,202
1603656089.1933,314
1603656089.1953,327
1603656089.1972,36
1603656089.1979,-73
1603656089.1992,173
1603656089.2012,273
1603656089.2032,178
1603656089.2052,209
1603656089.2073,278
1603656089.2092,141
1603656089.2112,87
1603656089.2132,217
1603656089.2152,212
1603656089.2172,136
1603656089.2192,163
1603656089.2212,178
1603656089.2232,163
1603656089.2252,227
1603656089.2274,241
1603656089.2280,170
1603656089.2302,175
1603656089.2322,134
1603656089.2343,65
1603656089.2362,202
1603656089.2382,302
1603656089.2402,129
1603656089.2422,7
1603656089.2442,102
1603656089.2462,156
1603656089.2482,48
1603656089.2502,2
1603656089.2522,100
1603656089.2542,126
1603656089.2563,153
1603656089.2582,163
1603656089.2589,-90
1603656089.2602,-229
1603656089.2623,-61
1603656089.2642,-29
1603656089.2662,-122
1603656089.2682,-126
1603656089.2702,-107
1603656089.2722,-109
1603656089.2742,-102
1603656089.2763,-36
1603656089.2782,102
1603656089.2802,141
1603656089.2823,-136
1603656089.2844,-512
1603656089.2863,-534
1603656089.2882,-324
1603656089.2889,-275
1603656089.2902,-295
1603656089.2922,-261
1603656089.2942,-312
1603656089.2962,-314
1603656089.2982,-109