time,gsr
1.601458486103800058e+09,4.521514042894867771e+02
1.601458486223799944e+09,4.521536421055013761e+02
1.601458486313400030e+09,4.521555643331324745e+02
1.601458486433799982e+09,4.521571709723800723e+02
1.601458486560899973e+09,4.521584620232441694e+02
1.601458486643300056e+09,4.521594374857247089e+02
1.601458486763099909e+09,4.521600973598218047e+02
1.601458486852900028e+09,4.521604416455353430e+02
1.601458486972800016e+09,4.521604703428653806e+02
1.601458487122800112e+09,4.521601834518119176e+02
1.601458487212899923e+09,4.521595809723748971e+02
1.601458487302900076e+09,4.521586629045544328e+02
1.601458487392899990e+09,4.521574292483504109e+02
1.601458487513000011e+09,4.521558800037628885e+02
1.601458487633100033e+09,4.521540151707919222e+02
1.601458487723999977e+09,4.521518347494373415e+02
1.601458487843800068e+09,4.521493387396993171e+02
1.601458487933700085e+09,4.521465271415777920e+02
1.601458488053800106e+09,4.521433999550727094e+02
1.601458488173000097e+09,4.521399571801841262e+02
1.601458488263099909e+09,4.521361988169120991e+02
1.601458488498899937e+09,4.521321248652565146e+02
1.601458488502899885e+09,4.521277353252173725e+02
1.601458488592999935e+09,4.521230301967947867e+02
1.601458488713000059e+09,4.521180094799886433e+02
1.601458488802999973e+09,4.521126731747990561e+02
1.601458489033299923e+09,4.521070212812259115e+02
1.601458489042900085e+09,4.521010537992692662e+02
1.601458489132900000e+09,4.520947707289291202e+02
1.601458489252899885e+09,4.520881720702054167e+02
1.601458489342900038e+09,4.520812578230982695e+02
1.601458489463000059e+09,4.520740279876075647e+02
1.601458489633199930e+09,4.520664825637333593e+02
1.601458489702899933e+09,4.520586215514756532e+02
1.601458489792900085e+09,4.520504449508344464e+02
1.601458489882999897e+09,4.520419527618097391e+02
1.601458490144399881e+09,4.520331449844014742e+02
1.601458490144900084e+09,4.520240216186097655e+02
1.601458490212899923e+09,4.520145826644344993e+02
1.601458490332999945e+09,4.520048281218757324e+02
1.601458490423300028e+09,4.519947579909334650e+02
1.601458490543400049e+09,4.519843722716076968e+02
1.601458490712899923e+09,4.519736709638983712e+02
1.601458490753099918e+09,4.519626540678056017e+02
1.601458490872999907e+09,4.519513215833292747e+02
1.601458490993000031e+09,4.519396735104694471e+02
1.601458491083100080e+09,4.519277098492261189e+02
1.601458491254800081e+09,4.519154305995992900e+02
1.601458491293100119e+09,4.519028357615889036e+02
1.601458491413000107e+09,4.518899253351950733e+02
1.601458491532999992e+09,4.518766993203526567e+02
1.601458491622999907e+09,4.518733407320666515e+02
1.601458491855499983e+09,4.518707977593227838e+02
1.601458491856100082e+09,4.518535271002180593e+02
1.601458491953200102e+09,4.518356884231464505e+02
1.601458492073100090e+09,4.518173108572345313e+02
1.601458492163100004e+09,4.517984235316088757e+02
1.601458492401099920e+09,4.517790555753957165e+02
1.601458492401599884e+09,4.517592361177217413e+02
1.601458492493000031e+09,4.517389942877135240e+02
1.601458492613100052e+09,4.517183592144975250e+02
1.601458492703099966e+09,4.517129615873561193e+02
1.601458492960000038e+09,4.516931275651190276e+02
1.601458492960599899e+09,4.516730168161799952e+02
1.601458493033099890e+09,4.516526584696658233e+02
1.601458493183099985e+09,4.516320816547026880e+02
1.601458493243099928e+09,4.516113155004173336e+02
1.601458493497400045e+09,4.515903891359362774e+02
1.601458493497900009e+09,4.515693316903858658e+02
1.601458493573199987e+09,4.515481722928927866e+02
1.601458493693000078e+09,4.515269400725832725e+02
1.601458493782999992e+09,4.515056641585841817e+02
1.601458493903199911e+09,4.514843736800218039e+02
1.601458494067399979e+09,4.514630977660225994e+02
1.601458494113199949e+09,4.514418655457131990e+02
1.601458494233099937e+09,4.514207061482200061e+02
1.601458494323100090e+09,4.513996487026697082e+02
1.601458494443099976e+09,4.513787223381885383e+02
1.601458494612600088e+09,4.513579561839032408e+02
1.601458494653100014e+09,4.513373793689402191e+02
1.601458494773200035e+09,4.513170210224259336e+02
1.601458494863199949e+09,4.512969102734869580e+02
1.601458495013200045e+09,4.512770762512497527e+02
1.601458495215500116e+09,4.512575480848408347e+02
1.601458495216000080e+09,4.512383549033868348e+02
1.601458495313100100e+09,4.512195258360140997e+02
1.601458495463200092e+09,4.512010900118491463e+02
1.601458495523200035e+09,4.511830765600185487e+02
1.601458495785200119e+09,4.511655146096487670e+02
1.601458495785700083e+09,4.511484332898663183e+02
1.601458495853100061e+09,4.511318617297977198e+02
1.601458495973200083e+09,4.511158290585693749e+02
1.601458496063100100e+09,4.511003644053079142e+02
1.601458496323999882e+09,4.510854968991398550e+02
1.601458496324599981e+09,4.510712556691916575e+02
1.601458496393100023e+09,4.510576698445897819e+02
1.601458496543200016e+09,4.510447685544607452e+02
1.601458496603100061e+09,4.510467114671986337e+02
1.601458496723200083e+09,4.510479552809003962e+02
1.601458496893300056e+09,4.510485582538190101e+02
1.601458496933099985e+09,4.510485786442075664e+02
1.601458497054300070e+09,4.510339441710514734e+02
1.601458497143100023e+09,4.510344160629009025e+02
1.601458497263299942e+09,4.510203204785851767e+02
1.601458497432499886e+09,4.510214186466544106e+02
1.601458497473200083e+09,4.510221672652056100e+02
1.601458497593100071e+09,4.510084940532241831e+02
1.601458497683099985e+09,4.510101602392603013e+02
1.601458497803200006e+09,4.510116225214107999e+02
1.601458498004499912e+09,4.510129391579288267e+02
1.601458498013200045e+09,4.510141684070673591e+02
1.601458498133199930e+09,4.510153685270793744e+02
1.601458498223200083e+09,4.510024672369503378e+02
1.601458498373300076e+09,4.510052257652303638e+02
1.601458498604500055e+09,4.510081008100164013e+02
1.601458498605000019e+09,4.510111506295614845e+02
1.601458498673199892e+09,4.510144334821185339e+02
1.601458498763200045e+09,4.510180076259406974e+02
1.601458498883199930e+09,4.510219313192808954e+02
1.601458499142899990e+09,4.510262628203921622e+02
1.601458499143500090e+09,4.510154588273715035e+02
1.601458499213200092e+09,4.510036790086129486e+02
1.601458499333300114e+09,4.509909524932429576e+02
1.601458499423199892e+09,4.509773084103881047e+02
1.601458499679100037e+09,4.509627758891747931e+02
1.601458499679600000e+09,4.509473840587295967e+02
1.601458499753200054e+09,4.509467636083350612e+02
1.601458499873199940e+09,4.509312406968206233e+02
1.601458499963399887e+09,4.509149749925803121e+02
1.601458500083499908e+09,4.508979956247405880e+02
1.601458500250900030e+09,4.508803317224280249e+02
1.601458500293499947e+09,4.508620124147690831e+02
1.601458500413300037e+09,4.508430668308903364e+02
1.601458500503299952e+09,4.508235240999181883e+02
1.601458500623300076e+09,4.508034133509792127e+02
1.601458500791500092e+09,4.507983652733559552e+02
1.601458500833199978e+09,4.507943075860338240e+02
1.601458500953200102e+09,4.507756969871098249e+02
1.601458501043200016e+09,4.507566931449781009e+02
1.601458501163300037e+09,4.507373251887649985e+02
1.601458501365000010e+09,4.507176222475970917e+02
1.601458501403300047e+09,4.506976134506009544e+02
1.601458501493299961e+09,4.506773279269028762e+02
1.601458501583199978e+09,4.506567948056296586e+02
1.601458501703299999e+09,4.506360432159075344e+02
1.601458501964999914e+09,4.506151022868632481e+02
1.601458501965500116e+09,4.505940011476230893e+02
1.601458502033299923e+09,4.505727689273136320e+02
1.601458502123199940e+09,4.505514347550614502e+02
1.601458502243299961e+09,4.505300277599930610e+02
1.601458502504600048e+09,4.505085770712348108e+02
1.601458502505100012e+09,4.504871118179134442e+02
1.601458502603199959e+09,4.504656611291551940e+02
1.601458502663300037e+09,4.504442541340867479e+02
1.601458502783299923e+09,4.504229199618345660e+02
1.601458502903399944e+09,4.504016877415252225e+02
1.601458503072499990e+09,4.503805866022850637e+02
1.601458503113300085e+09,4.503596456732406637e+02
1.601458503203299999e+09,4.503388940835186531e+02
1.601458503323299885e+09,4.503183609622452650e+02
1.601458503443300009e+09,4.502980754385473574e+02
1.601458503613399982e+09,4.502780666415510495e+02
1.601458503653199911e+09,4.502583637003831996e+02
1.601458503773200035e+09,4.502389957441700972e+02
1.601458503863300085e+09,4.502199919020382595e+02
1.601458503983299971e+09,4.502013813031143172e+02
1.601458504184400082e+09,4.501831930765246739e+02
1.601458504193200111e+09,4.501654563513958465e+02
1.601458504313299894e+09,4.501482002568542953e+02
1.601458504403300047e+09,4.501314539220267648e+02
1.601458504523400068e+09,4.501152464760394309e+02
1.601458504724699974e+09,4.500996070480189246e+02
1.601458504733299971e+09,4.500845647670918197e+02
1.601458504853300095e+09,4.500842793016520318e+02
1.601458504943300009e+09,4.500832073497966803e+02
1.601458505063400030e+09,4.500814071697786858e+02
1.601458505153300047e+09,4.500789370198510824e+02
1.601458505322400093e+09,4.500758551582667906e+02
1.601458505393399954e+09,4.500722198432790719e+02
1.601458505513299942e+09,4.500680893331406196e+02
1.601458505603399992e+09,4.500635218861046951e+02
1.601458505859200001e+09,4.500585757604241053e+02
1.601458505859699965e+09,4.500533092143519980e+02
1.601458505963299990e+09,4.500477805061414074e+02
1.601458506023299932e+09,4.500420478940452540e+02
1.601458506143300056e+09,4.500361696363165720e+02
1.601458506263299942e+09,4.500302039912083956e+02
1.601458506435499907e+09,4.500242092169736452e+02
1.601458506473299980e+09,4.500182435718654688e+02
1.601458506563299894e+09,4.500123653141367868e+02
1.601458506683300018e+09,4.500066327020406334e+02
1.601458506803400040e+09,4.500011039938300428e+02
1.601458506967499971e+09,4.499958374477579355e+02
1.601458507013299942e+09,4.499908913220773456e+02
1.601458507103300095e+09,4.499863238750414212e+02
1.601458507224400043e+09,4.499821933649030825e+02
1.601458507343400002e+09,4.499785580499152502e+02
1.601458507543600082e+09,4.499754761883309584e+02
1.601458507553299904e+09,4.499574044782474402e+02
1.601458507643300056e+09,4.499385025880583271e+02
1.601458507763299942e+09,4.499187996468904203e+02
1.601458507883399963e+09,4.498983247838701800e+02
1.601458508085200071e+09,4.498927086882800950e+02
1.601458508094399929e+09,4.498722775189495451e+02
1.601458508213200092e+09,4.498667925044286449e+02
1.601458508303299904e+09,4.498465798035468879e+02
1.601458508423399925e+09,4.498257990846983603e+02
1.601458508684999943e+09,4.498200810371654370e+02
1.601458508685499907e+09,4.497997518197776117e+02
1.601458508753299952e+09,4.497789711009290841e+02
1.601458508843300104e+09,4.497577680097462007e+02
1.601458508963399887e+09,4.497361716753555356e+02
1.601458509053400040e+09,4.497142112268834353e+02
1.601458509256999969e+09,4.497075173536126158e+02
1.601458509293299913e+09,4.497005467536399692e+02
1.601458509383300066e+09,4.496918866643300703e+02
1.601458509503400087e+09,4.496815953439358964e+02
1.601458509593400002e+09,4.496556005114429126e+02
1.601458509825099945e+09,4.496436633954012336e+02
1.601458509833300114e+09,4.496161101546402961e+02
1.601458509923300028e+09,4.495885714784425886e+02
1.601458510043299913e+09,4.495752070352021406e+02
1.601458510163399935e+09,4.495463429837484455e+02
1.601458510365200043e+09,4.495176100133640489e+02
1.601458510373300076e+09,4.495031677924429232e+02
1.601458510493400097e+09,4.494733424798145620e+02
1.601458510583300114e+09,4.494578953040290230e+02
1.601458510703500032e+09,4.494412829631833119e+02
1.601458510904999971e+09,4.494235637155303493e+02
1.601458510913300037e+09,4.494047958193232830e+02
1.601458511003299952e+09,4.493850375328150335e+02
1.601458511123300076e+09,4.493643471142586350e+02
1.601458511243400097e+09,4.493427828219071216e+02
1.601458511474699974e+09,4.493204029140134139e+02
1.601458511475300074e+09,4.492972656488305461e+02
1.601458511543299913e+09,4.492734292846116659e+02
1.601458511663399935e+09,4.492489520796096372e+02
1.601458511783299923e+09,4.492238922920774939e+02
1.601458511873500109e+09,4.491983081802682705e+02
1.601458512043800116e+09,4.491722580024349440e+02
1.601458512083300114e+09,4.491458000168305489e+02
1.601458512203299999e+09,4.491189924817081192e+02
1.601458512323400021e+09,4.490918936553206322e+02
1.601458512413399935e+09,4.490645617959211222e+02
1.601458512607100010e+09,4.490370551617625665e+02
1.601458512653300047e+09,4.490094320110979424e+02
1.601458512743400097e+09,4.489817506021803979e+02
1.601458512863399982e+09,4.489681997325303087e+02
1.601458512953500032e+09,4.489532652293712545e+02
1.601458513147399902e+09,4.489370344800827297e+02
1.601458513193300009e+09,4.489195948720442857e+02
1.601458513283299923e+09,4.489010337926353600e+02
1.601458513403300047e+09,4.488955691685030160e+02
1.601458513493299961e+09,4.488877159559973506e+02
1.601458513714099884e+09,4.488775906716242616e+02
1.601458513733299971e+09,4.488653098318897037e+02
1.601458513823299885e+09,4.488651204925674847e+02
1.601458513943300009e+09,4.488615667391338775e+02
1.601458514033299923e+09,4.488547942172214675e+02
1.601458514258899927e+09,4.488590791117303525e+02
1.601458514273299932e+09,4.488589946372634927e+02
1.601458514363300085e+09,4.488688461078474461e+02
1.601458514483400106e+09,4.488732358672117471e+02
1.601458514603399992e+09,4.488723678192419584e+02
1.601458514827600002e+09,4.488805764070910413e+02
1.601458514828099966e+09,4.488824931036149337e+02
1.601458514933399916e+09,4.488924814810935686e+02
1.601458515023299932e+09,4.488952021415090599e+02
1.601458515143399954e+09,4.488909172470002318e+02
1.601458515263499975e+09,4.488940194989729662e+02
1.601458515425699949e+09,4.488891986285365192e+02
1.601458515443300009e+09,4.488908764662231192e+02
1.601458515563299894e+09,4.488837718722686532e+02
1.601458515713299990e+09,4.488682052670644680e+02
1.601458515773499966e+09,4.488430260501136217e+02
1.601458515966900110e+09,4.488070836209191725e+02
1.601458515983299971e+09,4.487748289391403205e+02
1.601458516103300095e+09,4.487310099941390718e+02
1.601458516223299980e+09,4.486759763354334041e+02
1.601458516313400030e+09,4.486242080518089210e+02
1.601458516536999941e+09,4.485604822617542027e+02
1.601458516553299904e+09,4.484993081831813129e+02
1.601458516643300056e+09,4.484254920637052351e+02
1.601458516763299942e+09,4.483535722503648344e+02
1.601458516853399992e+09,4.482683841199012136e+02
1.601458517076800108e+09,4.481844951484798116e+02
1.601458517093300104e+09,4.480867698419686462e+02
1.601458517183300018e+09,4.479898048056591620e+02
1.601458517303299904e+09,4.478784936745460641e+02
1.601458517393300056e+09,4.477674621830473711e+02
1.601458517647500038e+09,4.476416330952842486e+02
1.601458517648000002e+09,4.475156612748012321e+02
1.601458517724400043e+09,4.473886291541134028e+02
1.601458517843300104e+09,4.472596482948624725e+02
1.601458517933399916e+09,4.471137288485488739e+02
1.601458518186399937e+09,4.469656130660969211e+02
1.601458518186899900e+09,4.468003402281335639e+02
1.601458518263299942e+09,4.466326817147095198e+02
1.601458518383300066e+09,4.464477059355782558e+02
1.601458518473400116e+09,4.462602133999168359e+02
1.601458518593400002e+09,4.460553016466055283e+02
1.601458518786999941e+09,4.458336697746804020e+02
1.601458518803299904e+09,4.456101474224452659e+02
1.601458518923300028e+09,4.453698612579065639e+02
1.601458519043299913e+09,4.451276700484943945e+02
1.601458519133399963e+09,4.448687295913419462e+02
1.601458519326800108e+09,4.446079277830058913e+02
1.601458519343400002e+09,4.443304495497456514e+02
1.601458519463299990e+09,4.440370813779770742e+02
1.601458519583300114e+09,4.437427402933831786e+02
1.601458519703399897e+09,4.434326403513501873e+02
1.601458519897000074e+09,4.431075971674202947e+02
1.601458519897700071e+09,4.427825568964029230e+02
1.601458520003400087e+09,4.424427627228108690e+02
1.601458520123300076e+09,4.420890593913126736e+02
1.601458520213399887e+09,4.417066900864210766e+02
1.601458520435699940e+09,4.413106009629456707e+02
1.601458520436199903e+09,4.409016076364285937e+02
1.601458520543400049e+09,4.404961272825680112e+02
1.601458520663300037e+09,4.400652725466091510e+02
1.601458520754499912e+09,4.396395911435174639e+02
1.601458521013099909e+09,4.392057972786940923e+02
1.601458521013700008e+09,4.387632646759191744e+02
1.601458521083300114e+09,4.383269686191292180e+02
1.601458521203500032e+09,4.378836524428514281e+02
1.601458521293400049e+09,4.374185884607251182e+02
1.601458521546000004e+09,4.369623535168425406e+02
1.601458521546499968e+09,4.364860893855751556e+02
1.601458521623300076e+09,4.360047713508591301e+02
1.601458521743299961e+09,4.355333746966305739e+02
1.601458521833300114e+09,4.350571717365288009e+02
1.601458521953399897e+09,4.345770363443488122e+02
1.601458522144799948e+09,4.340938423938859501e+02
1.601458522163300037e+09,4.336084637589351587e+02
1.601458522314399958e+09,4.331217743132917235e+02
1.601458522373300076e+09,4.326346479307505888e+02
1.601458522493400097e+09,4.321479584851069831e+02
1.601458522715100050e+09,4.316625798501562485e+02
1.601458522715600014e+09,4.311793858996932727e+02
1.601458522823299885e+09,4.306992505075132271e+02
1.601458522943399906e+09,4.302230475474115678e+02
1.601458523063400030e+09,4.297516508931831254e+02
1.601458523257200003e+09,4.292859344186230715e+02
1.601458523257699966e+09,4.288267719975266914e+02
1.601458523363399982e+09,4.283750375036889864e+02
1.601458523483400106e+09,4.279316048109052986e+02
1.601458523573400021e+09,4.274973477929705155e+02
1.601458523693399906e+09,4.270731403236799792e+02
1.601458523854700089e+09,4.266583852559402317e+02
1.601458523903399944e+09,4.262524854426580418e+02
1.601458524053400040e+09,4.258563147576282404e+02
1.601458524113300085e+09,4.254566165353789415e+02
1.601458524364399910e+09,4.250839676200019994e+02
1.601458524365000010e+09,4.246939082257131304e+02
1.601458524443399906e+09,4.243169860674779557e+02
1.601458524563299894e+09,4.239540167608386696e+02
1.601458524653399944e+09,4.236199464606048082e+02
1.601458524903800011e+09,4.232702862518655138e+02
1.601458524904400110e+09,4.229355547204600043e+02
1.601458524983400106e+09,4.226165383528038433e+02
1.601458525103399992e+09,4.222984220751567364e+02
1.601458525193500042e+09,4.219960937840753559e+02
1.601458525313400030e+09,4.216947092766926062e+02
1.601458525506400108e+09,4.214091273204387562e+02
1.601458525523400068e+09,4.211400761434763922e+02
1.601458525643399954e+09,4.208726824138121287e+02
1.601458525733400106e+09,4.206217757697497177e+02
1.601458525853399992e+09,4.203724537501691998e+02
1.601458526077199936e+09,4.201395168642475824e+02
1.601458526093400002e+09,4.199236350818947017e+02
1.601458526183300018e+09,4.197098768128637971e+02
1.601458526273299932e+09,4.195130134372059274e+02
1.601458526393300056e+09,4.193180842355479854e+02
1.601458526617100000e+09,4.191398314588139442e+02
1.601458526617599964e+09,4.189788668186606060e+02
1.601458526723299980e+09,4.188202004665885170e+02
1.601458526813299894e+09,4.186785455243952470e+02
1.601458526933399916e+09,4.185388830144549956e+02
1.601458527184999943e+09,4.184158969294387020e+02
1.601458527185600042e+09,4.182960101834825650e+02
1.601458527263299942e+09,4.181938776401311770e+02
1.601458527414499998e+09,4.180944220635056467e+02
1.601458527473400116e+09,4.179981386487564805e+02
1.601458527727200031e+09,4.179196240011751797e+02
1.601458527727699995e+09,4.178437426266299894e+02
1.601458527803400040e+09,4.177850620012858940e+02
1.601458527923399925e+09,4.177284175018845076e+02
1.601458528014400005e+09,4.176883474754644112e+02
1.601458528133399963e+09,4.176496581696407020e+02
1.601458528295500040e+09,4.176268588023252732e+02
1.601458528343300104e+09,4.176047264920068756e+02
1.601458528463399887e+09,4.175977413274708852e+02
1.601458528553299904e+09,4.175906512980796492e+02
1.601458528673399925e+09,4.175823058033360553e+02
1.601458528897000074e+09,4.175715251136166444e+02
1.601458528897599936e+09,4.175727019303274119e+02
1.601458529003400087e+09,4.175704968554509833e+02
1.601458529093400002e+09,4.175792734612668937e+02
1.601458529213399887e+09,4.175836632206311378e+02
1.601458529436700106e+09,4.175980005766968475e+02
1.601458529437299967e+09,4.176068878731935570e+02
1.601458529543299913e+09,4.176246304241476537e+02
1.601458529633399963e+09,4.176514030043182970e+02
1.601458529753400087e+09,4.176717788283085042e+02
1.601458530007200003e+09,4.177000340810182593e+02
1.601458530007699966e+09,4.177207128479240055e+02
1.601458530083300114e+09,4.177480621847993802e+02
1.601458530173300028e+09,4.177665970479944235e+02
1.601458530293299913e+09,4.178046659034236541e+02
1.601458530547199965e+09,4.178467837074371118e+02
1.601458530547699928e+09,4.178633348771172109e+02
1.601458530623300076e+09,4.178982403094080382e+02
1.601458530713299990e+09,4.179359858315330598e+02
1.601458530833400011e+09,4.179469267314482295e+02
1.601458530953399897e+09,4.179749547769712308e+02
1.601458531115400076e+09,4.180045266661990127e+02
1.601458531163300037e+09,4.180357006573846093e+02
1.601458531253299952e+09,4.180685350087808274e+02
1.601458531373399973e+09,4.181030879786409855e+02
1.601458531493299961e+09,4.181394178252177767e+02
1.601458531655299902e+09,4.181775828067645193e+02
1.601458531703999996e+09,4.182176411815339634e+02
1.601458531823299885e+09,4.182596512077793136e+02
1.601458531913399935e+09,4.182880695835974620e+02
1.601458532033400059e+09,4.183170559773824948e+02
1.601458532256599903e+09,4.183466395182608153e+02
1.601458532273299932e+09,4.183768493353589975e+02
1.601458532363300085e+09,4.184077145578035584e+02
1.601458532453299999e+09,4.184392643147210151e+02
1.601458532573400021e+09,4.184715277352377711e+02
1.601458532794800043e+09,4.184889323883244288e+02
1.601458532795300007e+09,4.185056088132485002e+02
1.601458532903300047e+09,4.185215570100098716e+02
1.601458532993299961e+09,4.185367769786087138e+02
1.601458533143300056e+09,4.185512687190449128e+02
1.601458533203599930e+09,4.185650322313184688e+02
1.601458533364000082e+09,4.185780675154293249e+02
1.601458533443300009e+09,4.185903745713776516e+02
1.601458533533299923e+09,4.186019533991633352e+02
1.601458533653399944e+09,4.186128039987864895e+02
1.601458533906199932e+09,4.186229263702468870e+02
1.601458533906699896e+09,4.186323205135446415e+02
1.601458533983299971e+09,4.186409864286798665e+02
1.601458534074100018e+09,4.186489241156525623e+02
1.601458534193300009e+09,4.186561335744625012e+02
1.601458534313400030e+09,4.186626148051097971e+02
1.601458534481499910e+09,4.186683678075945636e+02
1.601458534523299932e+09,4.186733925819165734e+02
1.601458534613300085e+09,4.186635585888085416e+02
1.601458534733299971e+09,4.186388366991438943e+02
1.601458534853399992e+09,4.186132991939369958e+02
1.601458535013499975e+09,4.185868878149350394e+02
1.601458535063299894e+09,4.185751458640409055e+02
1.601458535153300047e+09,4.185483121127045933e+02
1.601458535273299932e+09,4.185360604020967230e+02
1.601458535393399954e+09,4.185242310638230379e+02
1.601458535615099907e+09,4.185127949687571913e+02
1.601458535615600109e+09,4.184861214276167516e+02
1.601458535693300009e+09,4.184738842815720545e+02
1.601458535813299894e+09,4.184619238622290709e+02
1.601458535933500051e+09,4.184502110404615678e+02
1.601458536023400068e+09,4.184387166871427439e+02
1.601458536185400009e+09,4.184274116731461959e+02
1.601458536293299913e+09,4.184162668693454066e+02
1.601458536353300095e+09,4.184052531466139726e+02
1.601458536473299980e+09,4.183943413758252063e+02
1.601458536563400030e+09,4.183835024278527044e+02
1.601458536723500013e+09,4.183727071735700065e+02
1.601458536803400040e+09,4.183619264838505956e+02
1.601458536893300056e+09,4.183511312295678977e+02
1.601458537014400005e+09,4.183402922815954526e+02
1.601458537103399992e+09,4.183293805108066863e+02
1.601458537292700052e+09,4.183183667880751955e+02
1.601458537343400002e+09,4.183072219842744630e+02
1.601458537433399916e+09,4.182817864310104028e+02
1.601458537553299904e+09,4.182576034301860659e+02
1.601458537643500090e+09,4.182346147235484182e+02
1.601458537834700108e+09,4.182268925921119376e+02
1.601458537884399891e+09,4.182046758073266801e+02
1.601458537973299980e+09,4.181835076710955832e+02
1.601458538093400002e+09,4.181789314853216410e+02
1.601458538213299990e+09,4.181611860214549097e+02
1.601458538373300076e+09,4.181599451206657818e+02
1.601458538423300028e+09,4.181610491145602850e+02
1.601458538513299942e+09,4.181644688740119591e+02
1.601458538633399963e+09,4.181701752698942869e+02
1.601458538753400087e+09,4.181781391730807513e+02
1.601458538975699902e+09,4.181883314544447785e+02
1.601458538976200104e+09,4.182007229848599081e+02
1.601458539053299904e+09,4.182152846351997368e+02
1.601458539173300028e+09,4.182319872763376338e+02
1.601458539293400049e+09,4.182508017791471389e+02
1.601458539383399963e+09,4.182716990145017348e+02
1.601458539543400049e+09,4.182946498532749047e+02
1.601458539593400002e+09,4.183196251663401881e+02
1.601458539713299990e+09,4.183465958245710112e+02
1.601458539833300114e+09,4.183755326988409138e+02
1.601458539923500061e+09,4.184064066600234355e+02
1.601458540115600109e+09,4.184533191182595715e+02
1.601458540133300066e+09,4.184865379741257243e+02
1.601458540253299952e+09,4.185357661979189743e+02
1.601458540373300076e+09,4.185854022294832930e+02
1.601458540463399887e+09,4.186354460688186805e+02
1.601458540654000044e+09,4.186858977159250799e+02
1.601458540733299971e+09,4.187367571708026617e+02
1.601458540793400049e+09,4.187880244334512554e+02
1.601458540913300037e+09,4.188396995038708610e+02
1.601458541003299952e+09,4.188917823820615922e+02
1.601458541197700024e+09,4.189442730680233353e+02
1.601458541243400097e+09,4.189815700016002893e+02
1.601458541333300114e+09,4.190177745929331650e+02
1.601458541453299999e+09,4.190684592730516442e+02
1.601458541543400049e+09,4.191038919425321865e+02
1.601458541766599894e+09,4.191381740115158436e+02
1.601458541783299923e+09,4.191868779110319565e+02
1.601458541873399973e+09,4.192202715416572119e+02
1.601458541993400097e+09,4.192524563135324343e+02
1.601458542083300114e+09,4.192834030975311634e+02
1.601458542203399897e+09,4.193130827645270529e+02
1.601458542364500046e+09,4.193414661853934149e+02
1.601458542413300037e+09,4.193826547702712446e+02
1.601458542533299923e+09,4.194210469590047410e+02
1.601458542653300047e+09,4.194566427515937335e+02
1.601458542743400097e+09,4.194894421480381652e+02
1.601458542905400038e+09,4.195194451483382636e+02
1.601458542953299999e+09,4.195466517524938013e+02
1.601458543073400021e+09,4.195710619605048350e+02
1.601458543193300009e+09,4.195926757723714786e+02
1.601458543283299923e+09,4.196114931880936751e+02
1.601458543477299929e+09,4.196275142076713678e+02
1.601458543493299961e+09,4.196407388311046134e+02
1.601458543643399954e+09,4.196511670583933551e+02
1.601458543733400106e+09,4.196587988895376498e+02
1.601458543823400021e+09,4.196777648638050096e+02
1.601458544047100067e+09,4.196924925501658663e+02
1.601458544047600031e+09,4.196888805384792249e+02
1.601458544153300047e+09,4.196825303889011707e+02
1.601458544273400068e+09,4.196875726406992158e+02
1.601458544363399982e+09,4.196884348628437351e+02
1.601458544586999893e+09,4.196851461844613027e+02
1.601458544603399992e+09,4.196777357346784356e+02
1.601458544693399906e+09,4.196662326426216509e+02
1.601458544813299894e+09,4.196506660374174658e+02
1.601458544903399944e+09,4.196310650481922835e+02
1.601458545127099991e+09,4.196074588040727917e+02
1.601458545143399954e+09,4.195798764341852802e+02
1.601458545233299971e+09,4.195483470676563797e+02
1.601458545353300095e+09,4.195128998336125505e+02
1.601458546721699953e+09,4.194735638611803665e+02
1.601458546726000071e+09,4.194459698396422596e+02
1.601458546730099916e+09,4.194160454879838653e+02
1.601458546734899998e+09,4.193838490644579338e+02
1.601458546738399982e+09,4.193494388273177265e+02
1.601458546744999886e+09,4.193128730348161639e+02
1.601458546748300076e+09,4.192742099452062234e+02
1.601458546752399921e+09,4.192335078167409392e+02
1.601458546755300045e+09,4.191908249076734592e+02
1.601458546759200096e+09,4.191462194762564195e+02
1.601458546762200117e+09,4.190997497807431955e+02
1.601458546766599894e+09,4.190514740793867077e+02
1.601458546770200014e+09,4.190014506304398765e+02
1.601458547291100025e+09,4.189497376921557361e+02
1.601458547295300007e+09,4.188963935227873208e+02
1.601458547298799992e+09,4.188414763805877783e+02
1.601458547302099943e+09,4.187850445238098018e+02
1.601458547306400061e+09,4.187271562107066529e+02
1.601458547477200031e+09,4.186678696995312521e+02
1.601458547514699936e+09,4.186072432485366903e+02
1.601458547669800043e+09,4.185453351159758313e+02
1.601458547725899935e+09,4.184822035601018229e+02
1.601458548266299963e+09,4.184179068391675287e+02
1.601458548272500038e+09,4.183525032114261535e+02
1.601458548278100014e+09,4.182860509351306177e+02
1.601458548283900023e+09,4.182186082685340125e+02
1.601458548287899971e+09,4.181361029306215755e+02
1.601458548626199961e+09,4.180838977100995066e+02
1.601458548631999969e+09,4.180323478949238165e+02
1.601458548636199951e+09,4.179815408724739427e+02
1.601458548719700098e+09,4.179159624699736355e+02
1.601458548805799961e+09,4.178654030450990149e+02
1.601458548924799919e+09,4.178016889066948352e+02
1.601458549196799994e+09,4.177546104124376711e+02
1.601458549202600002e+09,4.176945228502834766e+02
1.601458549254699945e+09,4.176370860386411437e+02
1.601458549344599962e+09,4.175823582357638202e+02
1.601458549464499950e+09,4.175303976999043698e+02
1.601458550201299906e+09,4.174812626893159404e+02
1.601458550204499960e+09,4.174350114622515093e+02
1.601458550219000101e+09,4.173917022769640539e+02
1.601458550224100113e+09,4.173513933917065515e+02
1.601458550251399994e+09,4.173141430647321499e+02
1.601458550258199930e+09,4.172800095542937129e+02
1.601458550263900042e+09,4.172490511186443314e+02
1.601458551036700010e+09,4.172213260160369259e+02
1.601458551040100098e+09,4.171968925047246444e+02
1.601458551051199913e+09,4.171758088429604641e+02
1.601458551055999994e+09,4.171581332889973055e+02
1.601458551074800014e+09,4.171439241010882029e+02
1.601458551081199884e+09,4.171332395374861903e+02
1.601458551085500002e+09,4.171105362962882737e+02
1.601458551099200010e+09,4.171055756060445106e+02
1.601458552472899914e+09,4.170886836255843377e+02
1.601458552476300001e+09,4.170740200233017845e+02
1.601458552481800079e+09,4.170616139283233679e+02
1.601458552486799955e+09,4.170514944697755482e+02
1.601458552493999958e+09,4.170436907767848993e+02
1.601458552497800112e+09,4.170382319784778815e+02
1.601458552512300014e+09,4.170351472039810119e+02
1.601458552521399975e+09,4.170344655824208076e+02
1.601458552525000095e+09,4.170362162429237287e+02
1.601458552531899929e+09,4.170404283146163493e+02
1.601458552536400080e+09,4.170471309266251296e+02
1.601458552542500019e+09,4.170563532080765299e+02
1.601458552548000097e+09,4.170681242880971809e+02
1.601458553372400045e+09,4.170824732958134859e+02
1.601458553375799894e+09,4.170994293603519623e+02
1.601458553379699945e+09,4.171190216108391269e+02
1.601458553385099888e+09,4.171412791764014969e+02
1.601458553389400005e+09,4.171662311861655894e+02
1.601458553397900105e+09,4.171939067692579215e+02
1.601458553403700113e+09,4.172243350548048966e+02
1.601458553408999920e+09,4.172419436117771170e+02
1.601458554071399927e+09,4.172608629794420381e+02
1.601458554075000048e+09,4.172810931577996598e+02
1.601458554080300093e+09,4.173026341468500391e+02
1.601458554091300011e+09,4.173254859465931190e+02
1.601458554094899893e+09,4.173496485570288996e+02
1.601458554101500034e+09,4.173751219781574378e+02
1.601458554484299898e+09,4.174019062099786765e+02
1.601458554490400076e+09,4.174300012524925592e+02
1.601458554495699883e+09,4.174594071056993130e+02
1.601458554500799894e+09,4.174901237695987675e+02
1.601458554759599924e+09,4.175221512441908658e+02
1.601458554765100002e+09,4.175554895294756648e+02
1.601458554774499893e+09,4.175745370652971928e+02
1.601458554864500046e+09,4.175933952617964451e+02
1.601458554984600067e+09,4.176276365500029328e+02
1.601458555357100010e+09,4.176631303906491439e+02
1.601458555361399889e+09,4.176842752235789931e+02
1.601458555366699934e+09,4.177051724589336459e+02
1.601458555435699940e+09,4.177257929675864716e+02
1.601458555524499893e+09,4.177461076204110100e+02
1.601458555644299984e+09,4.177660872882806871e+02
1.601458555855299950e+09,4.177857028420690995e+02
1.601458555859499931e+09,4.178049251526496164e+02
1.601458555974499941e+09,4.178237250908958913e+02
1.601458556064300060e+09,4.178420735276812934e+02
1.601458556184299946e+09,4.178599413338793624e+02
1.601458556579499960e+09,4.178772993803636382e+02
1.601458556590500116e+09,4.178941185380075467e+02
1.601458556595799923e+09,4.179103696776846277e+02
1.601458556634299994e+09,4.179260236702683642e+02
1.601458556724400043e+09,4.179410513866322390e+02
1.601458556969199896e+09,4.179554236976497350e+02
1.601458556972300053e+09,4.179691114741943920e+02
1.601458557054199934e+09,4.179679550478721239e+02
1.601458557144399881e+09,4.179816282598535508e+02
1.601458557264300108e+09,4.179945004208560135e+02
1.601458557537100077e+09,4.180065424017531654e+02
1.601458557540800095e+09,4.180177250734183758e+02
1.601458557594500065e+09,4.180280193067251844e+02
1.601458557684600115e+09,4.180373959725471309e+02
1.601458557804300070e+09,4.180458259417576414e+02
1.601458558103499889e+09,4.180532800852302557e+02
1.601458558106699944e+09,4.180455987345708877e+02
1.601458558134599924e+09,4.180383251916826453e+02
1.601458558224299908e+09,4.180455317375799495e+02
1.601458558344300032e+09,4.180515876829803119e+02
1.601458558611700058e+09,4.180423333594897031e+02
1.601458558614900112e+09,4.180333120690111173e+02
1.601458558674400091e+09,4.180244655532915772e+02
1.601458558764300108e+09,4.180157355540781055e+02
1.601458558884299994e+09,4.180070638131176111e+02
1.601458559004300117e+09,4.179983920721570598e+02
1.601458559211999893e+09,4.180037926122111003e+02
1.601458559215600014e+09,4.180091057648855895e+02
1.601458559304199934e+09,4.180001718617865549e+02
1.601458559424400091e+09,4.179910631839284747e+02
1.601458559544399977e+09,4.179817214730583714e+02
1.601458559755199909e+09,4.179720884709232109e+02
1.601458559784300089e+09,4.179621059192699590e+02
1.601458559874399900e+09,4.179673171200016668e+02
1.601458559964499950e+09,4.179579608445683334e+02
1.601458560084399939e+09,4.179637109341404084e+02
1.601458560323299885e+09,4.179704077203238626e+02
1.601458560326400042e+09,4.179780220739922356e+02
1.601458560444299936e+09,4.179865248660190105e+02
1.601458560504300117e+09,4.179958869672776700e+02
1.601458560624300003e+09,4.180060792486417540e+02
1.601458560867599964e+09,4.180170725809846317e+02
1.601458560870800018e+09,4.180288378351800134e+02
1.601458560954299927e+09,4.180413458821012114e+02
1.601458561044399977e+09,4.180545675926218223e+02
1.601458561194200039e+09,4.180684738376152154e+02
1.601458561254300117e+09,4.180830354879549873e+02
1.601458561441299915e+09,4.180982234145146208e+02
1.601458561494400024e+09,4.181140084881675421e+02
1.601458561584300041e+09,4.181303615797874613e+02
1.601458561704299927e+09,4.181472535602475773e+02
1.601458561980400085e+09,4.181646553004216003e+02
1.601458561983599901e+09,4.181825376711830131e+02
1.601458562034300089e+09,4.182008715434051851e+02
1.601458562124300003e+09,4.182196277879616559e+02
1.601458562244199991e+09,4.182529078149934207e+02
1.601458562364300013e+09,4.182851100643445648e+02
1.601458562571599960e+09,4.183162345360150312e+02
1.601458562575000048e+09,4.183462812300048199e+02
1.601458562664299965e+09,4.183752501463138742e+02
1.601458562784300089e+09,4.184031412849423077e+02
1.601458562905400038e+09,4.184158241066226083e+02
1.601458563141499996e+09,4.184430015816516857e+02
1.601458563144599915e+09,4.184690721498733978e+02
1.601458563204299927e+09,4.184940358112880290e+02
1.601458563325599909e+09,4.185178925658955791e+02
1.601458563444499969e+09,4.185406424136959345e+02
1.601458563682300091e+09,4.185622853546890383e+02
1.601458563685400009e+09,4.185828213888750042e+02
1.601458563744299889e+09,4.186022505162537186e+02
1.601458563864300013e+09,4.186205727368252951e+02
1.601458563984299898e+09,4.186377880505896769e+02
1.601458564074399948e+09,4.186538964575469208e+02
1.601458564256000042e+09,4.186688979576969132e+02
1.601458564314699888e+09,4.186827925510397108e+02
1.601458564404599905e+09,4.186955802375752569e+02
1.601458564524399996e+09,4.187072610173038356e+02
1.601458564615400076e+09,4.187178348902251059e+02
1.601458564809600115e+09,4.187273018563391815e+02
1.601458564855600119e+09,4.187356619156460056e+02
1.601458564944400072e+09,4.187429150681458054e+02
1.601458565064300060e+09,4.187490613138382969e+02
1.601458565154400110e+09,4.187541006527236505e+02
1.601458565333400011e+09,4.187580330848018093e+02
1.601458565394299984e+09,4.187608586100727734e+02
1.601458565484200001e+09,4.187625772285365429e+02
1.601458565604500055e+09,4.187631889401932312e+02
1.601458565694900036e+09,4.187626937450426112e+02
1.601458565931999922e+09,4.187610916430847965e+02
1.601458565935499907e+09,4.187583826343199007e+02
1.601458566024399996e+09,4.187545667187476965e+02
1.601458566144599915e+09,4.187496438963684113e+02
1.601458566264199972e+09,4.187436141671819314e+02
1.601458566507499933e+09,4.187364775311881431e+02
1.601458566510799885e+09,4.187282339883872737e+02
1.601458566564599991e+09,4.187188835387792096e+02
1.601458566684299946e+09,4.187084261823640645e+02
1.601458566805500031e+09,4.186968619191416110e+02
1.601458567036799908e+09,4.186841907491119628e+02
1.601458567039999962e+09,4.186704126722751198e+02
1.601458567104199886e+09,4.186555276886311390e+02
1.601458567224299908e+09,4.186254052589124512e+02
1.601458567344300032e+09,4.186097483534160233e+02
1.601458567434400082e+09,4.185929554119859972e+02
1.601458567607800007e+09,4.185750264346222593e+02
1.601458567644299984e+09,4.185559614213248665e+02
1.601458567764499903e+09,4.185357603720936481e+02
1.601458567884299994e+09,4.185144232869288885e+02
1.601458567974299908e+09,4.185075517259863886e+02
1.601458568154700041e+09,4.184854427189691819e+02
1.601458568184299946e+09,4.184480962658773251e+02
1.601458568304300070e+09,4.184252153370077281e+02
1.601458568424299955e+09,4.183870678329369639e+02
1.601458568514400005e+09,4.183633567239619424e+02
1.601458568719700098e+09,4.183243499106592367e+02
1.601458568754400015e+09,4.182997503633259271e+02
1.601458568844300032e+09,4.182598259825384162e+02
1.601458568964400053e+09,4.182498812987495853e+02
1.601458569054300070e+09,4.182260828023951262e+02
1.601458569319400072e+09,4.181884304934748684e+02
1.601458569322999954e+09,4.181510257821299774e+02
1.601458569384399891e+09,4.181294410993899078e+02
1.601458569504300117e+09,4.181095459059870905e+02
1.601458569625400066e+09,4.180913402019215255e+02
1.601458569863399982e+09,4.180748239871932697e+02
1.601458569866600037e+09,4.180599972618022662e+02
1.601458569925199986e+09,4.180468600257485718e+02
1.601458570044399977e+09,4.180198107188761014e+02
1.601458570134500027e+09,4.180085523114819921e+02
1.601458570254300117e+09,4.179989542642986180e+02
1.601458570429699898e+09,4.179910165773260360e+02
1.601458570464299917e+09,4.179847392505642460e+02
1.601458570584300041e+09,4.179801222840131913e+02
1.601458570704600096e+09,4.179771656776729856e+02
1.601458570794500113e+09,4.179758694315435150e+02
1.601458570968899965e+09,4.179762335456247797e+02
1.601458571004300117e+09,4.179782580199168933e+02
1.601458571126199961e+09,4.179819428544197990e+02
1.601458571244199991e+09,4.179872880491334968e+02
1.601458571334300041e+09,4.179942936040578161e+02
1.601458571539400101e+09,4.180029595191930412e+02
1.601458571544600010e+09,4.180132857945390015e+02
1.601458571664400101e+09,4.180252724300957539e+02
1.601458571784600019e+09,4.180389194258632983e+02
1.601458571874399900e+09,4.180542267818416349e+02
1.601458572081700087e+09,4.180711944980307067e+02
1.601458572085099936e+09,4.180898225744306274e+02
1.601458572204299927e+09,4.181101110110412833e+02
1.601458572324300051e+09,4.181320598078626176e+02
1.601458572414299965e+09,4.181556689648948577e+02
1.601458572679800034e+09,4.181809384821378330e+02
1.601458572682899952e+09,4.182078683595916573e+02
1.601458572744299889e+09,4.182364585972561031e+02
1.601458572864300013e+09,4.182667091951314546e+02
1.601458572954400063e+09,4.182986201532174846e+02
1.601458573221800089e+09,4.183321914715144203e+02
1.601458573224699974e+09,4.183518215898660628e+02
1.601458573284300089e+09,4.183716119184134641e+02
1.601458573404400110e+09,4.183915333280300501e+02
1.601458573494400024e+09,4.184115566895895881e+02
1.601458573614300013e+09,4.184316528739652199e+02
1.601458573794199944e+09,4.184517927520307694e+02
1.601458573824300051e+09,4.184875487548155206e+02
1.601458573944400072e+09,4.185091887828959898e+02
1.601458574064399958e+09,4.185308142464132288e+02
1.601458574181900024e+09,4.185523960162406638e+02
1.601458574380100012e+09,4.185739049632518913e+02
1.601458574383500099e+09,4.185953119583202238e+02
1.601458574484499931e+09,4.186165878723194851e+02
1.601458574574300051e+09,4.186377035761227603e+02
1.601458574694299936e+09,4.186586299406039302e+02
1.601458574914299965e+09,4.186793378366361935e+02
1.601458574918999910e+09,4.186997981350933173e+02
1.601458575054500103e+09,4.187199817068484435e+02
1.601458575144599915e+09,4.187398594227754529e+02
1.601458575234200001e+09,4.187594021537476010e+02
1.601458575441499949e+09,4.187785807706384276e+02
1.601458575444799900e+09,4.187973661443213587e+02
1.601458575564300060e+09,4.188157291456700477e+02
1.601458575684299946e+09,4.188336406455579208e+02
1.601458575804300070e+09,4.188510715148584040e+02
1.601458576040499926e+09,4.188679926244451508e+02
1.601458576043499947e+09,4.188843748451914735e+02
1.601458576104399920e+09,4.189001890479709118e+02
1.601458576224400043e+09,4.189154061036571193e+02
1.601458576314399958e+09,4.189299968831234082e+02
1.601458576434299946e+09,4.189439322572433184e+02
1.601458576616600037e+09,4.189571830968903896e+02
1.601458576644299984e+09,4.189697202729380479e+02
1.601458576764300108e+09,4.189815146562599466e+02
1.601458576854399920e+09,4.189925371177293982e+02
1.601458576974400043e+09,4.190027585282199425e+02
1.601458577151700020e+09,4.190121497586051191e+02
1.601458577184299946e+09,4.190206816797583542e+02
1.601458577304300070e+09,4.190283251625533012e+02
1.601458577394299984e+09,4.190350510778632724e+02
1.601458577514400005e+09,4.190408302965618077e+02
1.601458577722199917e+09,4.190456336895224467e+02
1.601458577725800037e+09,4.190635626668862415e+02
1.601458577844300032e+09,4.190790156684970498e+02
1.601458577934299946e+09,4.190919926943549854e+02
1.601458578054300070e+09,4.191024937444599345e+02
1.601458578267600060e+09,4.191261203789680394e+02
1.601458578270699978e+09,4.191190390883147074e+02
1.601458578384399891e+09,4.191109528427970190e+02
1.601458578474400043e+09,4.191018325132882865e+02
1.601458578594300032e+09,4.191057795099296754e+02
1.601458578801599979e+09,4.190930617332976453e+02
1.601458578805099964e+09,4.190792516144217643e+02
1.601458578924400091e+09,4.190643200241753448e+02
1.601458579014499903e+09,4.190623683726994386e+02
1.601458579134399891e+09,4.190733966599942733e+02
1.601458579411299944e+09,4.190677019157625409e+02
1.601458579414700031e+09,4.190608857001603837e+02
1.601458579464400053e+09,4.190388174739202896e+02
1.601458579584300041e+09,4.190312002073393387e+02
1.601458579674299955e+09,4.190083018009937632e+02
1.601458579794500113e+09,4.190139557644483830e+02
1.601458579987099886e+09,4.190028575672499755e+02
1.601458580004499912e+09,4.190047393088221952e+02
1.601458580124599934e+09,4.190054995790239900e+02
1.601458580214299917e+09,4.190051675069818202e+02
1.601458580334399939e+09,4.190037722218222598e+02
1.601458580510200024e+09,4.190013428526717689e+02
1.601458580544399977e+09,4.189979085286568079e+02
1.601458580664299965e+09,4.190076289181715765e+02
1.601458580754300117e+09,4.190149607193128531e+02
1.601458580874399900e+09,4.190199621903336720e+02
1.601458581083199978e+09,4.190226915894871809e+02
1.601458581086400032e+09,4.190373377142938125e+02
1.601458581204299927e+09,4.190483863919771466e+02
1.601458581294699907e+09,4.190559250099166775e+02
1.601458581414499998e+09,4.190600409554917860e+02
1.601458581620699883e+09,4.190749521553495924e+02
1.601458581654299974e+09,4.190851735658401367e+02
1.601458581744299889e+09,4.191049522427369993e+02
1.601458581834399939e+09,4.191188322715165668e+02
1.601458581954299927e+09,4.191269592978113678e+02
1.601458582193399906e+09,4.191436095065216705e+02
1.601458582196399927e+09,4.191674866515177200e+02
1.601458582284300089e+09,4.191831930765291645e+02
1.601458582374300003e+09,4.192050632247089652e+02
1.601458582494400024e+09,4.192177285689132304e+02
1.601458582614300013e+09,4.192214221421540969e+02
1.601458582791599989e+09,4.192163769774434172e+02
1.601458582824300051e+09,4.192169566470608402e+02
1.601458582914200068e+09,4.192078217529888775e+02
1.601458583034300089e+09,4.191892344573661831e+02
1.601458583154299974e+09,4.191755874615986386e+02
1.601458583332999945e+09,4.191515704967953297e+02
1.601458583364500046e+09,4.191316053934888828e+02
1.601458583484400034e+09,4.191145415511824126e+02
1.601458583574300051e+09,4.190851269592378117e+02
1.601458583694299936e+09,4.190437111671731714e+02
1.601458583949399948e+09,4.190047742637740953e+02
1.601458583952300072e+09,4.189530933675290498e+02
1.601458584024399996e+09,4.189031776963502693e+02
1.601458584114300013e+09,4.188398334978527942e+02
1.601458584234299898e+09,4.187634685798076362e+02
1.601458584450299978e+09,4.186744907499859210e+02
1.601458584453399897e+09,4.185874383554260021e+02
1.601458584564500093e+09,4.184871467728696643e+02
1.601458584654299974e+09,4.183740529392144936e+02
1.601458584774300098e+09,4.182485937913579619e+02
1.601458585026000023e+09,4.181112062661977689e+02
1.601458585029200077e+09,4.179623273006313298e+02
1.601458585104300022e+09,4.178023938315562305e+02
1.601458585194299936e+09,4.176318427958701704e+02
1.601458585314300060e+09,4.174511111304705651e+02
1.601458585558099985e+09,4.172606357722552275e+02
1.601458585561300039e+09,4.170608536581215731e+02
1.601458585644299984e+09,4.168522017249671308e+02
1.601458585734299898e+09,4.166351169096894864e+02
1.601458585854199886e+09,4.164100361491862827e+02
1.601458585974400043e+09,4.161915269196225609e+02
1.601458586182800055e+09,4.159644537268664521e+02
1.601458586186199903e+09,4.157151520976743768e+02
1.601458586274199963e+09,4.154596605291001197e+02
1.601458586394299984e+09,4.152125464973086082e+02
1.601458586514300108e+09,4.149586745081680306e+02
1.601458586691699982e+09,4.146843800884348070e+02
1.601458586724299908e+09,4.144198322744301777e+02
1.601458586814500093e+09,4.141498955720222739e+02
1.601458586934299946e+09,4.138750360472348007e+02
1.601458587054199934e+09,4.135957197660921452e+02
1.601458587282000065e+09,4.133124127946182966e+02
1.601458587286299944e+09,4.130255811988373580e+02
1.601458587355799913e+09,4.127356910447734322e+02
1.601458587474200010e+09,4.124432083984506221e+02
1.601458587594300032e+09,4.121627298651604292e+02
1.601458587806999922e+09,4.118791490798975019e+02
1.601458587809999943e+09,4.115929612378124602e+02
1.601458587924499989e+09,4.113046615340556400e+02
1.601458588015100002e+09,4.110147451637780023e+02
1.601458588134299994e+09,4.107237073221298260e+02
1.601458588224200010e+09,4.104461737435291298e+02
1.601458588401099920e+09,4.101670671920973632e+02
1.601458588464499950e+09,4.098869119921113793e+02
1.601458588584399939e+09,4.096062324678483719e+02
1.601458588674400091e+09,4.093099513834292793e+02
1.601458588928100109e+09,4.090126944732722336e+02
1.601458588931200027e+09,4.087149569325280254e+02
1.601458589004300117e+09,4.084172339563468199e+02
1.601458589094300032e+09,4.081200207398795783e+02
1.601458589214299917e+09,4.078394140384327784e+02
1.601458589304300070e+09,4.075618076370159883e+02
1.601458589516900063e+09,4.072877258599062316e+02
1.601458589544300079e+09,4.070020914712246736e+02
1.601458589664400101e+09,4.067492623048130440e+02
1.601458589754300117e+09,4.065000597146510586e+02
1.601458589844700098e+09,4.062550371541426557e+02
1.601458590081599951e+09,4.059991465165352338e+02
1.601458590085000038e+09,4.057470426653734421e+02
1.601458590174299955e+09,4.054992499249344178e+02
1.601458590385699987e+09,4.052718941796512127e+02
1.601458590444299936e+09,4.050513983436599119e+02
1.601458590626600027e+09,4.048383158703640561e+02
1.601458590654299974e+09,4.046332002131672994e+02
1.601458590714200020e+09,4.044210032653172107e+02
1.601458590834300041e+09,4.042163798903583256e+02
1.601458590954400063e+09,4.040198544125678950e+02
1.601458591190299988e+09,4.038319511562228286e+02
1.601458591193200111e+09,4.036673249848679461e+02
1.601458591254400015e+09,4.035109277917505324e+02
1.601458591404400110e+09,4.033633130302744121e+02
1.601458591494199991e+09,4.032109036145756136e+02
1.601458591732700109e+09,4.030683544081986156e+02
1.601458591736399889e+09,4.029347187145320959e+02
1.601458591794399977e+09,4.028105208578532483e+02
1.601458591914299965e+09,4.026962851624391533e+02
1.601458592034300089e+09,4.025769343924106920e+02
1.601458592124399900e+09,4.024529637429185414e+02
1.601458592329900026e+09,4.023545713794103449e+02
1.601458592364200115e+09,4.022666509368808079e+02
1.601458592454299927e+09,4.021599655110565550e+02
1.601458592574199915e+09,4.020788146775266227e+02
1.601458592664200068e+09,4.019924613820028867e+02
1.601458592872699976e+09,4.019154731006506154e+02
1.601458592904299974e+09,4.018482867703670536e+02
1.601458593024199963e+09,4.017616072286264171e+02
1.601458593114200115e+09,4.016699436933409970e+02
1.601458593204499960e+09,4.015877762532959991e+02
1.601458593470099926e+09,4.014998528978537138e+02
1.601458593473099947e+09,4.014206245866730569e+02
1.601458593534300089e+09,4.013504117401456028e+02
1.601458593654200077e+09,4.012895347786630964e+02
1.601458593744299889e+09,4.012227125624609130e+02
1.601458593986599922e+09,4.011643669220715651e+02
1.601458593989799976e+09,4.011147891487602806e+02
1.601458594074300051e+09,4.010586689736359745e+02
1.601458594194299936e+09,4.010103990981047559e+02
1.601458594314399958e+09,4.009546401241490798e+02
1.601458594562999964e+09,4.008901540638926235e+02
1.601458594566499949e+09,4.008312753604883483e+02
1.601458594614700079e+09,4.007782079178217600e+02
1.601458594734499931e+09,4.007155540796223931e+02
1.601458594854500055e+09,4.006576191599169192e+02
1.601458595091000080e+09,4.005889763733081281e+02
1.601458595094199896e+09,4.005239019046962312e+02
1.601458595154200077e+09,4.004625413997136434e+02
1.601458595274499893e+09,4.004050405039931206e+02
1.601458595394200087e+09,4.003359433030108789e+02
1.601458595660300016e+09,4.002694968525406125e+02
1.601458595663399935e+09,4.002058176690882760e+02
1.601458595694200039e+09,4.001450222691599379e+02
1.601458595814300060e+09,4.000872271692615527e+02
1.601458595934200048e+09,4.000325488858992458e+02
1.601458596024300098e+09,3.999811039355790285e+02
1.601458596268599987e+09,3.999330088348067420e+02
1.601458596271899939e+09,3.998883801000886251e+02
1.601458596354300022e+09,3.998473342479306893e+02
1.601458596474200010e+09,3.998099877948387189e+02
1.601458596564300060e+09,3.997764572573188957e+02
1.601458596833199978e+09,3.997468591518772882e+02
1.601458596836299896e+09,3.997213099950199080e+02
1.601458596894399881e+09,3.996843247430966812e+02
1.601458597014300108e+09,3.996642518620220699e+02
1.601458597104300022e+09,3.996612078683023697e+02
1.601458597371200085e+09,3.996612078683023697e+02
1.601458597374300003e+09,3.996487959474986837e+02
1.601458597434299946e+09,3.996382191616647788e+02
1.601458597554199934e+09,3.996451955874625810e+02
1.601458597644299984e+09,3.996401387711014195e+02
1.601458597908600092e+09,3.996372957683545906e+02
1.601458597911600113e+09,3.996367830957279921e+02
1.601458597974299908e+09,3.996387172697280334e+02
1.601458598094300032e+09,3.996432148068603283e+02
1.601458598184200048e+09,3.996503922236310586e+02
1.601458598304300070e+09,3.996603660365463497e+02
1.601458598478699923e+09,3.996732527621120994e+02
1.601458598514300108e+09,3.996876978959459166e+02
1.601458598634500027e+09,3.997023469336652397e+02
1.601458598754800081e+09,3.997173163917760803e+02
1.601458600047699928e+09,3.997327227867844499e+02
1.601458600053400040e+09,3.997486826351964737e+02
1.601458600056699991e+09,3.997653124535181064e+02
1.601458600064899921e+09,3.997671271980994447e+02
1.601458600068900108e+09,3.997683447955873248e+02
1.601458600074500084e+09,3.997690526333614685e+02
1.601458600081300020e+09,3.997834686380687685e+02
1.601458600096499920e+09,3.997961077660591513e+02
1.601458600120300055e+09,3.998070865338389126e+02
1.601458600154099941e+09,3.998165214579137796e+02
1.601458600174799919e+09,3.998245290547900481e+02
1.601458600179100037e+09,3.998312258409735591e+02
1.601458600182199955e+09,3.998367283329702673e+02
1.601458600516000032e+09,3.998411530472863546e+02
1.601458600521800041e+09,3.998446165004277759e+02
1.601458600526900053e+09,3.998472352089005994e+02
1.601458600733000040e+09,3.998193935897872393e+02
1.601458600736000061e+09,3.997908820007642703e+02
1.601458600794300079e+09,3.997758892393522387e+02
1.601458600914200068e+09,3.997589011327744970e+02
1.601458601004300117e+09,3.997258745291433684e+02
1.601458601274399996e+09,3.996924692468674607e+02
1.601458601277299881e+09,3.996587435442001492e+02
1.601458601334500074e+09,3.996247556793942408e+02
1.601458601454200029e+09,3.995905639107027696e+02
1.601458601544300079e+09,3.995562264963787698e+02
1.601458601664299965e+09,3.995218016946752755e+02
1.601458601841000080e+09,3.994873477638453778e+02
1.601458601874300003e+09,3.994529229621419404e+02
1.601458601995100021e+09,3.994185855478179974e+02
1.601458602084399939e+09,3.993687922189704977e+02
1.601458602204499960e+09,3.993177026439935844e+02
1.601458602381500006e+09,3.992653459520137744e+02
1.601458602444200039e+09,3.992273528323134428e+02
1.601458602534300089e+09,3.991740494437220832e+02
1.601458602624300003e+09,3.991195954546338953e+02
1.601458602744199991e+09,3.990640199941752257e+02
1.601458602982700109e+09,3.990073521914727053e+02
1.601458602985800028e+09,3.989496211756526236e+02
1.601458603074399948e+09,3.989064576359976968e+02
1.601458603194499969e+09,3.988481877313373047e+02
1.601458603284300089e+09,3.987889711300655904e+02
1.601458603551700115e+09,3.987444385214649856e+02
1.601458603554699898e+09,3.986849160643648702e+02
1.601458603644299984e+09,3.986245634271595009e+02
1.601458603734400034e+09,3.985634097389751105e+02
1.601458603825900078e+09,3.985014841289383867e+02
1.601458604091000080e+09,3.984544172863318181e+02
1.601458604094000101e+09,3.984081369301408699e+02
1.601458604154200077e+09,3.983627013186185195e+02
1.601458604274399996e+09,3.983181687100179147e+02
1.601458604364300013e+09,3.982745973625919191e+02
1.601458604663899899e+09,3.982320455345935102e+02
1.601458604667099953e+09,3.981905714842758357e+02
1.601458604694299936e+09,3.981361029306243609e+02
1.601458604844500065e+09,3.980984011021890296e+02
1.601458604904400110e+09,3.980477921577995062e+02
1.601458605025500059e+09,3.979999067867381655e+02
1.601458605213299990e+09,3.979547741181314677e+02
1.601458605234299898e+09,3.979124232811060438e+02
1.601458605354199886e+09,3.978728834047882970e+02
1.601458605444299936e+09,3.978361836183048013e+02
1.601458605564399958e+09,3.978023530507820169e+02
1.601458605743799925e+09,3.977714208313465747e+02
1.601458605804300070e+09,3.977434160891247075e+02
1.601458605894200087e+09,3.977183679532431597e+02
1.601458605984299898e+09,3.976963055528282780e+02
1.601458606104399920e+09,3.976772580170067499e+02
1.601458606371000051e+09,3.976612544749049221e+02
1.601458606374099970e+09,3.976483240556494820e+02
1.601458606434299946e+09,3.976384958883667764e+02
1.601458606524199963e+09,3.976317991021833222e+02
1.601458606644299984e+09,3.976282628262255798e+02
1.601458606912800074e+09,3.976279161896201799e+02
1.601458606915999889e+09,3.976307883214936396e+02
1.601458606974299908e+09,3.976369083509723055e+02
1.601458607064300060e+09,3.976604359464502636e+02
1.601458607184299946e+09,3.976716972667571213e+02
1.601458607450500011e+09,3.976863230011751398e+02
1.601458607453500032e+09,3.977043422788311204e+02
1.601458607514699936e+09,3.977257842288512961e+02
1.601458607634599924e+09,3.977506779803624681e+02
1.601458607754899979e+09,3.977931832017583815e+02
1.601458607844599962e+09,3.978377565911361557e+02
1.601458608035799980e+09,3.978688548465927965e+02
1.601458608054300070e+09,3.978865070972546505e+02
1.601458608174200058e+09,3.979204454425454855e+02
1.601458608264499903e+09,3.979550974514357335e+02
1.601458608384599924e+09,3.979904922530518547e+02
1.601458609233599901e+09,3.980266589765203094e+02
1.601458609243200064e+09,3.980636267509675577e+02
1.601458609248699903e+09,3.980872941662527751e+02
1.601458609254300117e+09,3.981132627825318764e+02
1.601458609259799957e+09,3.981556631390723737e+02
1.601458609263999939e+09,3.981847922655773004e+02
1.601458609269200087e+09,3.982303822614700834e+02
1.601458609273900032e+09,3.982768606957212683e+02
1.601458609516499996e+09,3.983101261581899166e+02
1.601458609521500111e+09,3.983301786488758012e+02
1.601458609756599903e+09,3.983511195779202012e+02
1.601458609759900093e+09,3.983729198161964291e+02
1.601458609794500113e+09,3.983955502345780246e+02
1.601458609884599924e+09,3.984189817039386412e+02
1.601458610004600048e+09,3.984573156344190465e+02
1.601458610286999941e+09,3.984808199265958137e+02
1.601458610292099953e+09,3.985050670114985110e+02
1.601458610334399939e+09,3.985300277600005643e+02
1.601458610424400091e+09,3.985400714828194282e+02
1.601458610544300079e+09,3.985492704609696943e+02
1.601458610664400101e+09,3.985575664361982149e+02
1.601458610852999926e+09,3.985649011502521830e+02
1.601458610874399900e+09,3.985712163448783940e+02
1.601458610964400053e+09,3.985764537618239842e+02
1.601458611084399939e+09,3.985805551428358058e+02
1.601458611204400063e+09,3.985834622296610519e+02
1.601458611412300110e+09,3.985851167640464610e+02
1.601458611416599989e+09,3.985854604877392262e+02
1.601458611504400015e+09,3.986000367026422850e+02
1.601458611624300003e+09,3.986146857403616082e+02
1.601458611774499893e+09,3.986137769116146501e+02
1.601458611989500046e+09,3.986113824974159456e+02
1.601458611992700100e+09,3.986230457996684891e+02
1.601458612074399948e+09,3.986346071499782511e+02
1.601458612164499998e+09,3.986460374192187714e+02
1.601458612284499884e+09,3.986573074782635331e+02
1.601458612508100033e+09,3.986683881979860189e+02
1.601458612511199951e+09,3.986792504492596549e+02
1.601458612614399910e+09,3.986898651029580947e+02
1.601458612704400063e+09,3.987002030299547073e+02
1.601458612824500084e+09,3.987102351011229757e+02
1.601458612914499998e+09,3.987199321873363829e+02
1.601458613102699995e+09,3.987292651594685253e+02
1.601458613154400110e+09,3.987382048883929428e+02
1.601458613244199991e+09,3.987467222449829478e+02
1.601458613364399910e+09,3.987547881001121368e+02
1.601458613454600096e+09,3.987623733246539928e+02
1.601458613644500017e+09,3.987694487894819986e+02
1.601458613694499969e+09,3.987759853654697508e+02
1.601458613784600019e+09,3.987819539234905619e+02
1.601458613934900045e+09,3.987873253344180853e+02
1.601458614024499893e+09,3.987920704691257470e+02
1.601458614216000080e+09,3.987961601984869731e+02
1.601458614234299898e+09,3.987995653933754738e+02
1.601458614324199915e+09,3.988022569246645048e+02
1.601458614444400072e+09,3.988042056632277195e+02
1.601458614564199924e+09,3.987912519406709748e+02
1.601458614741899967e+09,3.987789390588973220e+02
1.601458614774300098e+09,3.987813392989213526e+02
1.601458614864300013e+09,3.987686914321928953e+02
1.601458614984400034e+09,3.987706692998826270e+02
1.601458615104399920e+09,3.987575116734403764e+02
1.601458615348900080e+09,3.987588923940366499e+02
1.601458615352299929e+09,3.987450502331215603e+02
1.601458615404200077e+09,3.987315284925979313e+02
1.601458615524300098e+09,3.987182689142129561e+02
1.601458615644299984e+09,3.987208147998694585e+02
1.601458615868099928e+09,3.987094049210174376e+02
1.601458615887700081e+09,3.987137131188275134e+02
1.601458615974499941e+09,3.987195797249056568e+02
1.601458616064199924e+09,3.987269756101252369e+02
1.601458616184200048e+09,3.987358716453597935e+02
1.601458616274199963e+09,3.987462387014829233e+02
1.601458616450999975e+09,3.987580476493679384e+02
1.601458616514300108e+09,3.987712693598884925e+02
1.601458616604199886e+09,3.987858747039180685e+02
1.601458616724299908e+09,3.988018345523300923e+02
1.601458616814399958e+09,3.988191197759981037e+02
1.601458617022399902e+09,3.988377012457955288e+02
1.601458617054300070e+09,3.988575498325959643e+02
1.601458617144200087e+09,3.988786364072728929e+02
1.601458617264199972e+09,3.989009318406996840e+02
1.601458617355299950e+09,3.989244070037499910e+02
1.601458617561300039e+09,3.989490327672971830e+02
1.601458617624099970e+09,3.989747800022148567e+02
1.601458617684200048e+09,3.990016195793764950e+02
1.601458617804199934e+09,3.990295223696554672e+02
1.601458617894200087e+09,3.990584592439254266e+02
1.601458618130199909e+09,3.990727995129037708e+02
1.601458618139699936e+09,3.991022170177610633e+02
1.601458618224400043e+09,3.991325520901032746e+02
1.601458618344300032e+09,3.991637756008038309e+02
1.601458618464299917e+09,3.991958584207363288e+02
1.601458618672300100e+09,3.992287714207741942e+02
1.601458618675800085e+09,3.992468839116348818e+02
1.601458618764199972e+09,3.992642681743330400e+02
1.601458618884299994e+09,3.992808659506155209e+02
1.601458619004300117e+09,3.993122205423853757e+02
1.601458619217299938e+09,3.993285707210925466e+02
1.601458619220499992e+09,3.993439887677515685e+02
1.601458619304300070e+09,3.993442858848419519e+02
1.601458619424400091e+09,3.993591067844076292e+02
1.601458619544300079e+09,3.993727916480396516e+02
1.601458619634399891e+09,3.994008837776408427e+02
1.601458619808900118e+09,3.994292235048175144e+02
1.601458619844700098e+09,3.994421801402868937e+02
1.601458619964400053e+09,3.994552969859520886e+02
1.601458620084300041e+09,3.994543852442924390e+02
1.601458620174299955e+09,3.994534880671961901e+02
1.601458620440099955e+09,3.994681196274394779e+02
1.601458620443200111e+09,3.994982216667695525e+02
1.601458620504300117e+09,3.995140329566364699e+02
1.601458620624200106e+09,3.995310967989430537e+02
1.601458620714299917e+09,3.995493549354362699e+02
1.601458620920500040e+09,3.995687491078632547e+02
1.601458620954400063e+09,3.995736194978148887e+02
1.601458621044300079e+09,3.995936108173351613e+02
1.601458621164200068e+09,3.996145342689036397e+02
1.601458621254499912e+09,3.996363315942672330e+02
1.601458621490200043e+09,3.996589445351729069e+02
1.601458621494299889e+09,3.996823148333677977e+02
1.601458621584199905e+09,3.997063842305988715e+02
1.601458621704299927e+09,3.997310944686129801e+02
1.601458621794300079e+09,3.997563872891570895e+02
1.601458622030900002e+09,3.997822044339783929e+02
1.601458622034399986e+09,3.998084876448237424e+02
1.601458622124500036e+09,3.998351786634402174e+02
1.601458622244199991e+09,3.998622192315746702e+02
1.601458622364200115e+09,3.998895510909741802e+02
1.601458622454200029e+09,3.999171159833857132e+02
1.601458622630300045e+09,3.999448556505563488e+02
1.601458622664200068e+09,3.999727118342329391e+02
1.601458622784600019e+09,4.000006262761625635e+02
1.601458622904200077e+09,4.000285407180921879e+02
1.601458622994400024e+09,4.000563969017688919e+02
1.601458623200799942e+09,4.000841365689394138e+02
1.601458623210000038e+09,4.001117014613510605e+02
1.601458623324199915e+09,4.001390333207505705e+02
1.601458623444400072e+09,4.001660738888850233e+02
1.601458623534199953e+09,4.001927649075013846e+02
1.601458623740200043e+09,4.002190481183467341e+02
1.601458623744499922e+09,4.002448652631680375e+02
1.601458623864300013e+09,4.002701580837122606e+02
1.601458623985899925e+09,4.002919602274334920e+02
1.601458624173199892e+09,4.003135926339637081e+02
1.601458624418699980e+09,4.003350553033602637e+02
1.601458624419199944e+09,4.003563482356232157e+02
1.601458624422600031e+09,4.003774714307525642e+02
1.601458624524100065e+09,4.003984248887483091e+02
1.601458624613199949e+09,4.004192086096103935e+02
1.601458624837100029e+09,4.004398225933388744e+02
1.601458624853199959e+09,4.004602668399337517e+02
1.601458624943300009e+09,4.004805413493949686e+02
1.601458625063199997e+09,4.005006461217225819e+02
1.601458625153300047e+09,4.005205811569165917e+02
1.601458625405600071e+09,4.005403464549769410e+02
1.601458625406199932e+09,4.005599420159036868e+02
1.601458625513499975e+09,4.005793678396968289e+02
1.601458625603300095e+09,4.005986239263563107e+02
1.601458625693300009e+09,4.006177102758821889e+02
1.601458625946599960e+09,4.006366268882744635e+02
1.601458625947400093e+09,4.006553737635330776e+02
1.601458626023299932e+09,4.006739509016580882e+02
1.601458626143300056e+09,4.006923583026494953e+02
1.601458626263299942e+09,4.007105959665072419e+02
1.601458626353399992e+09,4.007286638932314418e+02
1.601458626559600115e+09,4.007465620828219244e+02
1.601458626563100100e+09,4.007642905352788603e+02
1.601458626683199883e+09,4.007818492506021357e+02
1.601458626803100109e+09,4.007992382287918076e+02
1.601458626893300056e+09,4.008164574698478191e+02
1.601458627083100080e+09,4.008335069737702838e+02
1.601458627103199959e+09,4.008503867405590881e+02
1.601458627253299952e+09,4.008670967702142320e+02
1.601458627343300104e+09,4.008836370627357724e+02
1.601458627433199883e+09,4.009000076181237091e+02
1.601458627655200005e+09,4.009162084363780423e+02
1.601458627655699968e+09,4.009322395174987150e+02
1.601458627763400078e+09,4.009481008614857842e+02
1.601458627883300066e+09,4.009637924683392498e+02
1.601458627973299980e+09,4.009793143380590550e+02
1.601458628194700003e+09,4.009946664706452566e+02
1.601458628195199966e+09,4.010098488660978546e+02
1.601458628333300114e+09,4.010248615244167922e+02
1.601458628423399925e+09,4.010397044456021263e+02
1.601458628513400078e+09,4.010543776296538567e+02
1.601458628766900063e+09,4.010688810765719836e+02
1.601458628767499924e+09,4.010832147863564501e+02
1.601458628843300104e+09,4.010973787590072561e+02
1.601458628963299990e+09,4.011113729945245154e+02
1.601458629053299904e+09,4.011251974929081143e+02
1.601458629304899931e+09,4.011388522541581096e+02
1.601458629305700064e+09,4.011523372782744445e+02
