Time,HR,RR
1606921321.8798,65,955
1606921322.8958,65,746
1606921323.8835,66,735
1606921324.9326,68,768
1606921326.0425,69,834
1606921326.8837,70,964
1606921327.8734,70,1068
1606921328.8936,69,981
1606921329.9729,68,1021
1606921330.8738,67,1045
1606921331.8938,66,957
1606921332.8834,66,948
1606921333.9352,66,843
1606921335.0047,66,889
1606921335.8836,67,991
1606921336.9041,67,934
1606921337.8933,66,996
1606921338.9128,66,1041
1606921339.8737,65,967
1606921340.9233,65,972
1606921341.8833,65,1010
1606921342.8732,65,957
1606921343.9832,64,931
1606921344.8834,64,982
1606921345.8733,64,998
1606921346.8932,64,930
1606921347.9091,64,987
1606921349.0508,64,874
1606921349.8933,64,906
1606921350.8831,65,969
1606921351.8950,65,885
1606921352.9428,65,919
1606921353.8833,65,1011
1606921354.8731,65,954
1606921355.8932,65,1008
1606921356.9038,65,1037
1606921358.0420,64,982
1606921358.8932,64,1057
1606921359.8832,64,993
1606921360.8731,63,922
1606921361.9110,64,938
1606921362.8835,64,nan
1606921363.8731,64,881
1606921364.8931,64,1010
1606921365.9731,64,1045
1606921367.0114,64,1028
1606921367.8932,63,1142
1606921368.9731,63,1040
1606921369.8730,62,1056
1606921370.9118,62,1083
1606921371.8836,61,982
1606921372.8732,61,948
1606921373.9230,62,1006
1606921374.9129,62,nan
1606921375.9524,62,931
1606921376.8933,62,nan
1606921377.8830,62,1073
1606921378.8729,62,975
1606921381.4717,61,1049
1606921381.4776,61,985
1606921382.0229,61,1014
1606921383.5555,61,1007
1606921384.2798,61,925
1606921385.0158,61,950
1606921385.8926,62,1004
1606921386.8835,62,931
1606921387.8728,62,1003
1606921388.8934,62,1075
1606921389.9613,62,961
1606921390.9030,62,1078
1606921391.8927,62,1062
1606921392.8827,61,982
1606921393.9238,61,1032
1606921394.9228,61,992
1606921395.8826,61,973
1606921396.8727,61,1034
1606921397.8925,61,1020
1606921398.9726,61,986
1606921399.8727,61,1045
1606921400.8925,61,1051
1606921401.8836,61,991
1606921402.8916,61,1046
1606921403.8929,61,1014
1606921404.8830,61,976
1606921405.8724,61,994
1606921406.9225,61,976
1606921407.9637,61,900
1606921408.8736,61,905
1606921409.8927,62,1001
1606921410.9125,62,1017
1606921411.8723,62,935
1606921412.9763,63,969
1606921413.8824,63,973
1606921414.8725,63,940
1606921415.8923,63,893
1606921416.9026,63,809
1606921417.8731,64,796
1606921418.8923,66,994
1606921419.8822,66,955
1606921420.8722,66,987
1606921421.9715,65,1030
1606921422.8824,65,982
1606921423.8722,65,913
1606921424.8924,65,990
1606921425.9625,65,nan
1606921427.0133,64,1005
1606921427.8925,64,963
1606921428.8823,64,nan
1606921429.8722,63,1054
1606921430.9745,63,973
1606921431.8826,63,1036
1606921432.8724,62,1074
1606921433.8922,62,1021
1606921434.8822,62,1072
1606921436.4667,61,1064
1606921436.9706,61,1003
1606921438.0425,61,1093
1606921438.9265,61,1060
1606921439.9221,60,1016
1606921440.8825,60,1067
1606921441.9023,60,1022
1606921442.8921,60,986
1606921443.8822,60,1016
1606921444.9829,60,986
1606921448.1720,60,953
1606921448.1778,61,1063
1606921448.1832,61,1001
1606921449.2186,61,955
1606921450.0631,61,1002
1606921451.1302,61,944
1606921451.8938,61,1003
1606921452.8838,61,947
1606921453.9819,62,966
1606921454.8939,62,1005
1606921455.8839,62,963
1606921456.8739,62,925
1606921457.9213,62,963
1606921459.0552,63,972
1606921459.8738,63,890
1606921460.8938,63,928
1606921461.8841,63,1022
1606921462.9628,63,993
1606921463.8941,63,1012
1606921464.8834,63,1091
1606921465.8737,63,1014
1606921466.8937,62,959
1606921468.0347,62,986
1606921468.8738,62,900
1606921469.8938,63,858
1606921470.8838,64,934
1606921471.9575,65,857
1606921472.9237,65,775
1606921473.8838,67,774
1606921474.8739,68,934
1606921475.8939,68,875
1606921476.9776,68,956
1606921477.8739,68,978
1606921478.8936,68,904
1606921479.8836,67,897
1606921480.9280,67,944
1606921482.0460,67,906
1606921482.8835,67,989
1606921483.8736,67,989
1606921484.8935,67,931
1606921485.9717,66,1014
1606921486.8736,66,1049
1606921487.8935,65,957
1606921488.9133,65,1027
1606921489.9001,65,1055
1606921491.0112,64,948
1606921491.8836,64,982
1606921492.8736,64,1035
1606921493.8937,64,965
1606921494.9785,63,993
1606921495.8736,63,1054
1606921496.8931,63,986
1606921497.8838,63,1017
1606921498.8957,63,1019
1606921499.9966,62,948
1606921500.8836,62,977
1606921501.8733,63,1020
1606921502.8933,62,941
1606921503.9114,62,984
1606921504.8748,63,1068
1606921505.9234,62,1001
1606921506.8834,62,1043
1606921507.8734,62,1045
1606921508.9838,62,981
1606921509.8833,61,1011
1606921510.8734,61,990
1606921511.8934,62,915
1606921512.9405,62,957
1606921514.0282,62,880
1606921514.8632,63,925
1606921515.8834,63,990
1606921517.8900,63,955
1606921518.2993,63,948
1606921518.8866,64,1029
1606921519.8713,63,985
1606921520.8613,63,916
1606921521.8812,63,966
1606921522.9501,64,948
1606921523.8914,64,879
1606921524.8816,64,909
1606921525.8713,65,921
1606921526.8829,65,968
1606921527.9908,65,1024
1606921528.8721,64,955
1606921529.8624,64,947
1606921530.8827,64,954
1606921531.9539,64,974
1606921532.8630,64,848
1606921533.8830,65,852
1606921534.8731,66,894
1606921535.8932,66,849
1606921536.9913,66,889
1606921537.8738,67,914
1606921538.8637,67,865
1606921539.8838,67,887
1606921540.8952,67,934
1606921541.8641,67,855
1606921542.8844,68,899
1606921543.8743,68,984
1606921544.8642,68,923
1606921545.9926,67,898
1606921546.9047,67,909
1606921547.8645,67,894
1606921548.8846,68,783
1606921549.8994,69,737
1606921551.0040,70,806
1606921551.8849,71,829
1606921552.8747,71,854
1606921553.8647,71,965
1606921554.9364,70,926
1606921555.8751,70,970
1606921556.9253,69,996
1606921557.8853,69,907
1606921558.8969,68,909
1606921560.0042,68,954
1606921560.8853,68,942
1606921561.8752,68,903
1606921562.8662,67,987
1606921563.9369,67,995
1606921564.8758,67,946
1606921565.8653,66,1029
1606921566.8852,66,1010
1606921567.8752,65,935
1606921569.0025,65,981
1606921569.8856,65,894
1606921570.8752,65,931
1606921571.8652,65,977
1606921572.9152,65,910
1606921573.8756,65,913
1606921574.8654,65,926
1606921575.8853,66,885
1606921576.8753,66,893
1606921577.9754,66,872
1606921581.0606,66,856
1606921581.0684,67,903
1606921581.0741,67,916
1606921582.1256,67,849
1606921584.3489,68,836
1606921584.5538,68,799
1606921584.9523,69,776
1606921585.8749,71,825
1606921586.9421,71,796
1606921587.8856,71,806
1606921588.8754,72,865
1606921589.8652,72,870
1606921590.8852,72,760
1606921592.0182,73,732
1606921592.8652,75,729
1606921593.8852,76,694
1606921594.8751,78,703
1606921595.9157,79,819
1606921596.8855,79,775
1606921597.9353,79,822
1606921598.8653,78,951
1606921599.8853,78,903
1606921600.9556,76,821
1606921601.8657,76,894
1606921602.8854,75,863
1606921603.8753,75,877
1606921604.8866,74,900
1606921605.9157,74,855
1606921606.8756,73,850
1606921607.8655,73,911
1606921608.8854,72,932
1606921609.9866,72,1005
1606921610.8657,71,962
1606921611.8856,70,940
1606921612.8754,69,1007
1606921613.8870,69,953
1606921614.9935,68,888
1606921615.8756,68,930
1606921616.8654,68,998
1606921617.8855,68,935
1606921618.8943,67,978
1606921619.8657,67,1017
1606921620.8856,66,956
1606921621.8755,66,997
1606921622.8656,65,1000
1606921623.9795,65,960
1606921624.8758,65,961
1606921625.8657,65,870
1606921626.8855,65,846