Time,ECG
1602581466.9722,311
1602581466.9733,1815
1602581466.9745,4215
1602581466.9766,5810
1602581466.9785,6580
1602581466.9805,7488
1602581466.9826,8283
1602581466.9846,8749
1602581466.9865,9208
1602581466.9885,9647
1602581466.9906,9937
1602581466.9926,10170
1602581466.9946,10410
1602581466.9966,10604
1602581466.9986,10749
1602581467.0006,10871
1602581467.0026,10979
1602581467.0046,11070
1602581467.0065,11141
1602581467.0086,11235
1602581467.0106,11419
1602581467.0127,11649
1602581467.0146,11642
1602581467.0166,11166
1602581467.0186,10702
1602581467.0206,10849
1602581467.0226,11173
1602581467.0246,11186
1602581467.0266,11144
1602581467.0286,11159
1602581467.0306,11107
1602581467.0326,11048
1602581467.0346,11019
1602581467.0366,10955
1602581467.0386,10879
1602581467.0406,10835
1602581467.0427,10778
1602581467.0447,10695
1602581467.0467,10624
1602581467.0487,10562
1602581467.0506,10494
1602581467.0526,10430
1602581467.0546,10349
1602581467.0567,10261
1602581467.0586,10184
1602581467.0606,10091
1602581467.0627,10000
1602581467.0647,9942
1602581467.0666,9865
1602581467.0687,9770
1602581467.0716,9696
1602581467.0727,9613
1602581467.0746,9510
1602581467.0766,9429
1602581467.0786,9348
1602581467.0806,9259
1602581467.0826,9181
1602581467.0846,9095
1602581467.0866,8975
1602581467.0886,8867
1602581467.0906,8771
1602581467.0926,8661
1602581467.0946,8568
1602581467.0966,8482
1602581467.0985,8374
1602581467.1006,8261
1602581467.1026,8155
1602581467.1046,8052
1602581467.1065,7952
1602581467.1086,7849
1602581467.1106,7753
1602581467.1126,7662
1602581467.1145,7569
1602581467.5121,7483
1602581467.5129,7397
1602581467.5145,7306
1602581467.5165,7218
1602581467.5185,7140
1602581467.5205,7059
1602581467.5225,6973
1602581467.5246,6889
1602581467.5265,6803
1602581467.5285,6730
1602581467.5305,6659
1602581467.5325,6558
1602581467.5345,6467
1602581467.5366,6408
1602581467.5385,6322
1602581467.5405,6217
1602581467.5426,6143
1602581467.5446,6094
1602581467.5465,6018
1602581467.5486,5927
1602581467.5506,5849
1602581467.5526,5775
1602581467.5546,5697
1602581467.5566,5616
1602581467.5586,5545
1602581467.5606,5476
1602581467.5626,5405
1602581467.5646,5334
1602581467.5668,5267
1602581467.5686,5196
1602581467.5706,5128
1602581467.5726,5066
1602581467.5746,5007
1602581467.5766,4934
1602581467.5786,4855
1602581467.5806,4794
1602581467.5826,4745
1602581467.5846,4691
1602581467.5866,4625
1602581467.5886,4566
1602581467.5906,4504
1602581467.5926,4441
1602581467.5946,4384
1602581467.5966,4335
1602581467.5986,4276
1602581467.6006,4222
1602581467.6026,4166
1602581467.6046,4109
1602581467.6065,4060
1602581467.6086,4011
1602581467.6106,3955
1602581467.6126,3898
1602581467.6145,3854
1602581467.6165,3803
1602581467.6186,3749
1602581467.6205,3702
1602581467.6226,3653
1602581467.6245,3601
1602581467.6266,3550
1602581467.6285,3508
1602581467.6305,3476
1602581467.6326,3447
1602581467.6345,3410
1602581467.6365,3361
1602581467.6385,3305
1602581467.6405,3253
1602581467.6426,3209
1602581467.6445,3165
1602581467.6465,3123
1602581467.6485,3076
1602581467.6505,3025
1602581467.6525,2990
1602581467.6545,2966
1602581468.0823,2927
1602581468.0828,2885
1602581468.0845,2853
1602581468.0865,2824
1602581468.0885,2831
1602581468.0905,2973
1602581468.0928,3157
1602581468.0946,3003
1602581468.0966,2389
1602581468.0985,2011
1602581468.1005,2279
1602581468.1025,2527
1602581468.1046,2468
1602581468.1066,2465
1602581468.1085,2492
1602581468.1106,2431
1602581468.1126,2389
1602581468.1145,2392
1602581468.1165,2365
1602581468.1186,2330
1602581468.1205,2303
1602581468.1226,2272
1602581468.1246,2245
1602581468.1266,2218
1602581468.1286,2188
1602581468.1306,2164
1602581468.1326,2146
1602581468.1346,2122
1602581468.1366,2100
1602581468.1386,2083
1602581468.1406,2056
1602581468.1426,2024
1602581468.1446,2004
1602581468.1466,1992
1602581468.1486,1972
1602581468.1506,1950
1602581468.1525,1935
1602581468.1545,1918
1602581468.1565,1894
1602581468.1585,1872
1602581468.1605,1854
1602581468.1626,1832
1602581468.1645,1805
1602581468.1665,1776
1602581468.1686,1749
1602581468.1705,1727
1602581468.1726,1700
1602581468.1745,1668
1602581468.1784,1641
1602581468.1795,1616
1602581468.1816,1580
1602581468.1835,1545
1602581468.1855,1526
1602581468.1875,1508
1602581468.1895,1479
1602581468.1916,1452
1602581468.1935,1430
1602581468.1957,1413
1602581468.1976,1398
1602581468.1995,1376
1602581468.2016,1361
1602581468.2035,1349
1602581468.2055,1324
1602581468.2076,1305
1602581468.2095,1297
1602581468.2116,1288
1602581468.2135,1270
1602581468.2155,1253
1602581468.2175,1246
1602581468.2195,1239
1602581468.2216,1221
1602581468.2235,1207
1602581468.2255,1192
1602581468.6522,1177
1602581468.6532,1158
1602581468.6545,1143
1602581468.6565,1133
1602581468.6585,1121
1602581468.6605,1109
1602581468.6625,1089
1602581468.6645,1069
1602581468.6665,1052
1602581468.6685,1032
1602581468.6705,1023
1602581468.6726,1020
1602581468.6745,1013
1602581468.6765,1003
1602581468.6785,991
1602581468.6805,978
1602581468.6826,966
1602581468.6845,954
1602581468.6865,944
1602581468.6885,932
1602581468.6905,920
1602581468.6926,912
1602581468.6945,907
1602581468.6965,900
1602581468.6985,890
1602581468.7006,875
1602581468.7025,866
1602581468.7045,863
1602581468.7065,853
1602581468.7085,841
1602581468.7105,836
1602581468.7125,834
1602581468.7146,821
1602581468.7165,807
1602581468.7185,799
1602581468.7207,794
1602581468.7226,780
1602581468.7245,767
1602581468.7266,765
1602581468.7285,758
1602581468.7305,743
1602581468.7326,738
1602581468.7345,733
1602581468.7365,726
1602581468.7385,718
1602581468.7405,718
1602581468.7425,714
1602581468.7445,709
1602581468.7465,718
1602581468.7485,718
1602581468.7505,696
1602581468.7525,674
1602581468.7545,672
1602581468.7565,669
1602581468.7585,655
1602581468.7605,633
1602581468.7626,620
1602581468.7645,623
1602581468.7665,620
1602581468.7685,608
1602581468.7705,603
1602581468.7725,603
1602581468.7747,598
1602581468.7765,628
1602581468.7785,760
1602581468.7805,956
1602581468.7826,954
1602581468.7845,515
1602581468.7865,44
1602581468.7885,152
1602581468.7905,498
1602581468.7926,547
1602581468.7945,517
1602581469.1920,569
1602581469.1925,566
1602581469.1935,534
1602581469.1955,547
1602581469.1975,556
1602581469.1995,542
1602581469.2016,532
1602581469.2035,527
1602581469.2055,527
1602581469.2075,522
1602581469.2095,502
1602581469.2116,493
1602581469.2135,498
1602581469.2157,493
1602581469.2175,488
1602581469.2196,490
1602581469.2216,493
1602581469.2235,493
1602581469.2255,495
1602581469.2275,495
1602581469.2295,495
1602581469.2315,495
1602581469.2335,488
1602581469.2355,488
1602581469.2375,493
1602581469.2395,490
1602581469.2416,485
1602581469.2435,485
1602581469.2455,476
1602581469.2475,458
1602581469.2495,451
1602581469.2516,446
1602581469.2535,436
1602581469.2555,426
1602581469.2575,414
1602581469.2595,402
1602581469.2616,390
1602581469.2635,375
1602581469.2655,355
1602581469.2675,338
1602581469.2696,326
1602581469.2716,316
1602581469.2735,306
1602581469.2755,306
1602581469.2775,306
1602581469.2795,306
1602581469.2815,306
1602581469.2835,304
1602581469.2855,301
1602581469.2875,304
1602581469.2896,309
1602581469.2916,309
1602581469.2935,301
1602581469.2955,301
1602581469.2975,306
1602581469.2995,306
1602581469.3016,301
1602581469.3035,299
1602581469.3055,294
1602581469.3075,294
1602581469.3095,291
1602581469.3116,287
1602581469.3135,284
1602581469.3155,282
1602581469.3176,272
1602581469.3195,272
1602581469.3217,274
1602581469.3235,269
1602581469.3255,264
1602581469.3275,264
1602581469.3295,260
1602581469.3315,250
1602581469.3335,247
1602581469.7317,252
1602581469.7323,252
1602581469.7336,247
1602581469.7355,245
1602581469.7375,247
1602581469.7395,245
1602581469.7416,238
1602581469.7435,230
1602581469.7455,228
1602581469.7475,225
1602581469.7495,225
1602581469.7516,228
1602581469.7535,225
1602581469.7555,225
1602581469.7575,225
1602581469.7595,228
1602581469.7616,225
1602581469.7635,223
1602581469.7655,223
1602581469.7675,223
1602581469.7696,218
1602581469.7715,208
1602581469.7735,203
1602581469.7755,203
1602581469.7775,206
1602581469.7795,208
1602581469.7815,211
1602581469.7835,208
1602581469.7855,211
1602581469.7875,223
1602581469.7895,235
1602581469.7925,228
1602581469.7935,208
1602581469.7955,201
1602581469.7975,208
1602581469.7995,206
1602581469.8016,193
1602581469.8035,186
1602581469.8055,186
1602581469.8075,188
1602581469.8095,188
1602581469.8116,188
1602581469.8137,193
1602581469.8155,191
1602581469.8175,201
1602581469.8195,284
1602581469.8216,488
1602581469.8235,647
1602581469.8255,395
1602581469.8276,-198
1602581469.8295,-375
1602581469.8316,-7
1602581469.8335,191
1602581469.8355,149
1602581469.8375,193
1602581469.8395,233
1602581469.8416,198
1602581469.8435,198
1602581469.8455,218
1602581469.8475,208
1602581469.8495,203
1602581469.8516,206
1602581469.8535,203
1602581469.8555,206
1602581469.8575,211
1602581469.8595,208
1602581469.8615,208
1602581469.8636,211
1602581469.8655,213
1602581469.8675,213
1602581469.8696,213
1602581469.8716,211
1602581469.8735,215
1602581470.3318,220
1602581470.3324,223
1602581470.3335,223
1602581470.3355,223
1602581470.3375,215
1602581470.3395,211
1602581470.3416,218
1602581470.3436,225
1602581470.3455,223
1602581470.3475,220
1602581470.3495,215
1602581470.3515,211
1602581470.3535,203
1602581470.3555,196
1602581470.3575,186
1602581470.3595,179
1602581470.3615,169
1602581470.3635,159
1602581470.3655,149
1602581470.3675,137
1602581470.3697,115
1602581470.3717,103
1602581470.3735,100
1602581470.3755,100
1602581470.3775,95
1602581470.3795,90
1602581470.3815,93
1602581470.3835,98
1602581470.3855,98
1602581470.3875,100
1602581470.3895,107
1602581470.3916,112
1602581470.3935,117
1602581470.3955,120
1602581470.3975,122
1602581470.3995,125
1602581470.4016,125
1602581470.4036,125
1602581470.4055,127
1602581470.4075,127
1602581470.4095,125
1602581470.4115,125
1602581470.4135,125
1602581470.4155,127
1602581470.4175,125
1602581470.4195,120
1602581470.4216,117
1602581470.4235,117
1602581470.4256,112
1602581470.4276,115
1602581470.4295,120
1602581470.4316,117
1602581470.4335,110
1602581470.4355,107
1602581470.4375,112
1602581470.4395,115
1602581470.4416,115
1602581470.4435,112
1602581470.4455,112
1602581470.4475,117
1602581470.4495,115
1602581470.4516,112
1602581470.4535,115
1602581470.4555,110
1602581470.4575,115
1602581470.4595,120
1602581470.4615,117
1602581470.4635,117
1602581470.4655,117
1602581470.4675,112
1602581470.4696,115
1602581470.4717,125
1602581470.4735,142
1602581470.9015,154
1602581470.9032,139
1602581470.9045,122
1602581470.9065,127
1602581470.9085,132
1602581470.9105,117
1602581470.9126,100
1602581470.9145,100
1602581470.9165,98
1602581470.9185,88
1602581470.9205,80
1602581470.9225,83
1602581470.9245,90
1602581470.9266,93
1602581470.9285,112
1602581470.9305,233
1602581470.9325,463
1602581470.9345,559
1602581470.9365,152
1602581470.9385,-444
1602581470.9405,-436
1602581470.9426,-19
1602581470.9445,98
1602581470.9465,68
1602581470.9485,139
1602581470.9505,157
1602581470.9525,117
1602581470.9545,134
1602581470.9565,149
1602581470.9585,137
1602581470.9605,137
1602581470.9625,149
1602581470.9645,147
1602581470.9665,139
1602581470.9685,144
1602581470.9705,154
1602581470.9725,149
1602581470.9745,147
1602581470.9765,154
1602581470.9785,159
1602581470.9805,164
1602581470.9825,164
1602581470.9845,161
1602581470.9865,159
1602581470.9885,164
1602581470.9905,169
1602581470.9925,171
1602581470.9945,176
1602581470.9965,184
1602581470.9987,186
1602581471.0006,188
1602581471.0025,191
1602581471.0045,188
1602581471.0065,184
1602581471.0085,176
1602581471.0105,174
1602581471.0126,169
1602581471.0145,157
1602581471.0165,139
1602581471.0185,125
1602581471.0205,110
1602581471.0225,90
1602581471.0245,76
1602581471.0265,66
1602581471.0285,53
1602581471.0305,49
1602581471.0325,46
1602581471.0345,39
1602581471.0365,34
1602581471.0385,39
1602581471.0406,46
1602581471.0426,46
1602581471.0445,44
1602581471.4420,51
1602581471.4428,58
1602581471.4445,58
1602581471.4465,58
1602581471.4485,63
1602581471.4505,68
1602581471.4525,68
1602581471.4545,68
1602581471.4565,71
1602581471.4585,73
1602581471.4605,61
1602581471.4624,49
1602581471.4645,51
1602581471.4665,56
1602581471.4685,49
1602581471.4705,51
1602581471.4725,56
1602581471.4745,58
1602581471.4765,56
1602581471.4785,56
1602581471.4805,61
1602581471.4825,63
1602581471.4845,58
1602581471.4864,61
1602581471.4885,63
1602581471.4905,63
1602581471.4925,66
1602581471.4946,71
1602581471.4953,71
1602581471.4975,66
1602581471.4995,68
1602581471.5016,73
1602581471.5035,76
1602581471.5055,76
1602581471.5075,76
1602581471.5095,78
1602581471.5115,83
1602581471.5135,100
1602581471.5155,112
1602581471.5175,103
1602581471.5195,93
1602581471.5215,93
1602581471.5234,93
1602581471.5255,90
1602581471.5262,80
1602581471.5285,71
1602581471.5305,71
1602581471.5325,76
1602581471.5345,78
1602581471.5364,78
1602581471.5385,83
1602581471.5405,85
1602581471.5425,98
1602581471.5445,181
1602581471.5465,382
1602581471.5485,544
1602581471.5505,301
1602581471.5525,-306
1602581471.5545,-515
1602581471.5565,-130
1602581471.5572,105
1602581471.5595,58
1602581471.5616,95
1602581471.5635,142
1602581471.5654,107
1602581471.5675,98
1602581471.5695,115
1602581471.5715,107
1602581471.5735,100
1602581471.5755,105
1602581471.5775,110
1602581471.5795,115
1602581471.5815,117
1602581471.9821,112
1602581471.9826,112
1602581471.9835,117
1602581471.9854,120
1602581471.9875,120
1602581471.9896,125
1602581471.9916,127
1602581471.9935,125
1602581471.9955,125
1602581471.9974,130
1602581471.9994,134
1602581472.0015,137
1602581472.0034,142
1602581472.0056,147
1602581472.0075,152
1602581472.0095,154
1602581472.0102,159
1602581472.0125,164
1602581472.0144,166
1602581472.0164,159
1602581472.0185,154
1602581472.0205,159
1602581472.0225,154
1602581472.0245,139
1602581472.0265,120
1602581472.0285,105
1602581472.0305,85
1602581472.0325,66
1602581472.0345,53
1602581472.0364,49
1602581472.0385,41
1602581472.0405,36
1602581472.0412,36
1602581472.0435,36
1602581472.0455,39
1602581472.0474,39
1602581472.0495,39
1602581472.0515,46
1602581472.0535,51
1602581472.0555,53
1602581472.0575,58
1602581472.0595,63
1602581472.0615,58
1602581472.0634,61
1602581472.0654,66
1602581472.0675,66
1602581472.0694,61
1602581472.0715,61
1602581472.0722,63
1602581472.0744,71
1602581472.0764,71
1602581472.0785,61
1602581472.0852,61
1602581472.0865,63
1602581472.0885,58
1602581472.0904,58
1602581472.0926,61
1602581472.0945,49
1602581472.0965,39
1602581472.0984,41
1602581472.1004,46
1602581472.1024,41
1602581472.1044,41
1602581472.1051,44
1602581472.1075,44
1602581472.1094,44
1602581472.1115,44
1602581472.1134,44
1602581472.1154,44
1602581472.1174,46
1602581472.1194,53
1602581472.1215,58
1602581472.1234,56
1602581472.5519,56
1602581472.5529,63
1602581472.5545,71
1602581472.5564,85
1602581472.5584,95
1602581472.5604,88
1602581472.5625,71
1602581472.5644,68
1602581472.5651,76
1602581472.5674,71
1602581472.5694,61
1602581472.5715,56
1602581472.5734,56
1602581472.5755,58
1602581472.5774,58
1602581472.5794,61
1602581472.5815,63
1602581472.5834,66
1602581472.5854,68
1602581472.5874,95
1602581472.5895,203
1602581472.5915,402
1602581472.5934,498
1602581472.5954,152
1602581472.5962,-407
1602581472.5984,-436
1602581472.6005,-44
1602581472.6024,100
1602581472.6044,56
1602581472.6064,98
1602581472.6084,125
1602581472.6104,100
1602581472.6125,105
1602581472.6145,117
1602581472.6166,110
1602581472.6185,110
1602581472.6204,112
1602581472.6225,112
1602581472.6244,112
1602581472.6265,117
1602581472.6272,115
1602581472.6294,112
1602581472.6315,120
1602581472.6334,130
1602581472.6354,132
1602581472.6375,137
1602581472.6394,142
1602581472.6415,144
1602581472.6434,144
1602581472.6455,147
1602581472.6474,149
1602581472.6494,152
1602581472.6515,159
1602581472.6534,161
1602581472.6554,164
1602581472.6574,169
1602581472.6581,174
1602581472.6604,174
1602581472.6625,166
1602581472.6644,157
1602581472.6664,154
1602581472.6684,154
1602581472.6704,147
1602581472.6725,132
1602581472.6744,115
1602581472.6764,100
1602581472.6784,80
1602581472.6804,66
1602581472.6825,61
1602581472.6844,58
1602581472.6864,49
1602581472.6884,41
1602581472.6891,39
1602581473.0919,39
1602581473.0924,36
1602581473.0934,36
1602581473.0954,41
1602581473.0974,44
1602581473.0994,41
1602581473.1015,34
1602581473.1034,26
1602581473.1054,22
1602581473.1074,24
1602581473.1094,36
1602581473.1134,51
1602581473.1147,44
1602581473.1165,46
1602581473.1185,63
1602581473.1204,58
1602581473.1225,41
1602581473.1245,36
1602581473.1264,29
1602581473.1284,17
1602581473.1304,17
1602581473.1325,19
1602581473.1344,31
1602581473.1364,53
1602581473.1384,68
1602581473.1404,63
1602581473.1425,49
1602581473.1444,41
1602581473.1464,39
1602581473.1484,34
1602581473.1504,36
1602581473.1524,39
1602581473.1544,34
1602581473.1564,29
1602581473.1584,24
1602581473.1604,26
1602581473.1624,31
1602581473.1644,39
1602581473.1665,51
1602581473.1684,58
1602581473.1704,53
1602581473.1725,46
1602581473.1745,36
1602581473.1764,41
1602581473.1784,58
1602581473.1804,68
1602581473.1825,68
1602581473.1844,66
1602581473.1866,71
1602581473.1884,71
1602581473.1904,66
1602581473.1925,66
1602581473.1944,56
1602581473.1964,39
1602581473.1984,34
1602581473.2004,31
1602581473.2024,26
1602581473.2044,44
1602581473.2065,73
1602581473.2084,80
1602581473.2104,68
1602581473.2124,125
1602581473.2144,326
1602581473.2166,542
1602581473.2185,375
1602581473.2204,-225
1602581473.2224,-527
1602581473.2244,-193
1602581473.2264,78
1602581473.2285,63
1602581473.2304,95
1602581473.2325,127
1602581473.2344,88
1602581473.6922,95
1602581473.6927,139
1602581473.6945,134
1602581473.6964,112
1602581473.6984,110
1602581473.7004,112
1602581473.7025,112
1602581473.7044,115
1602581473.7064,120
1602581473.7084,120
1602581473.7104,117
1602581473.7125,120
1602581473.7144,132
1602581473.7164,144
1602581473.7184,152
1602581473.7204,154
1602581473.7225,161
1602581473.7244,166
1602581473.7264,164
1602581473.7284,169
1602581473.7304,171
1602581473.7325,169
1602581473.7344,171
1602581473.7365,176
1602581473.7384,181
1602581473.7404,176
1602581473.7425,174
1602581473.7445,184
1602581473.7465,181
1602581473.7484,159
1602581473.7505,147
1602581473.7525,142
1602581473.7545,122
1602581473.7565,105
1602581473.7585,98
1602581473.7605,78
1602581473.7625,51
1602581473.7645,44
1602581473.7665,41
1602581473.7685,34
1602581473.7705,26
1602581473.7727,22
1602581473.7745,24
1602581473.7764,34
1602581473.7784,39
1602581473.7804,34
1602581473.7825,34
1602581473.7844,41
1602581473.7864,51
1602581473.7884,56
1602581473.7904,56
1602581473.7925,61
1602581473.7944,63
1602581473.7964,63
1602581473.7984,68
1602581473.8004,68
1602581473.8024,68
1602581473.8044,71
1602581473.8064,71
1602581473.8084,63
1602581473.8104,61
1602581473.8124,61
1602581473.8145,51
1602581473.8164,46
1602581473.8184,71
1602581473.8204,83
1602581473.8225,63
1602581473.8244,46
1602581473.8264,51
1602581473.8284,51
1602581473.8305,49
1602581473.8325,53
1602581473.8344,56
1602581474.2620,56
1602581474.2625,49
1602581474.2634,36
1602581474.2654,41
1602581474.2674,56
1602581474.2694,56
1602581474.2715,51
1602581474.2734,61
1602581474.2754,58
1602581474.2774,53
1602581474.2794,66
1602581474.2814,83
1602581474.2834,76
1602581474.2854,51
1602581474.2874,44
1602581474.2894,58
1602581474.2915,49
1602581474.2934,24
1602581474.2954,17
1602581474.2977,22
1602581474.2995,29
1602581474.3014,41
1602581474.3034,41
1602581474.3054,36
1602581474.3074,36
1602581474.3094,36
1602581474.3116,73
1602581474.3134,228
1602581474.3155,458
1602581474.3174,436
1602581474.3194,-100
1602581474.3215,-591
1602581474.3235,-375
1602581474.3254,7
1602581474.3274,24
1602581474.3294,7
1602581474.3315,80
1602581474.3334,71
1602581474.3354,41
1602581474.3374,71
1602581474.3394,85
1602581474.3415,76
1602581474.3434,73
1602581474.3454,76
1602581474.3474,71
1602581474.3494,78
1602581474.3515,88
1602581474.3534,83
1602581474.3554,93
1602581474.3574,105
1602581474.3594,100
1602581474.3614,98
1602581474.3634,103
1602581474.3654,100
1602581474.3674,105
1602581474.3694,117
1602581474.3715,120
1602581474.3734,125
1602581474.3754,142
1602581474.3774,149
1602581474.3794,152
1602581474.3815,161
1602581474.3834,157
1602581474.3854,149
1602581474.3874,147
1602581474.3894,149
1602581474.3915,147
1602581474.3934,137
1602581474.3954,127
1602581474.3974,115
1602581474.3995,100
1602581474.4016,73
1602581474.4034,51
1602581474.8019,46
1602581474.8034,41
1602581474.8044,29
1602581474.8064,24
1602581474.8095,22
1602581474.8104,14
1602581474.8124,2
1602581474.8145,4
1602581474.8164,7
1602581474.8184,0
1602581474.8204,-7
1602581474.8224,-7
1602581474.8244,-4
1602581474.8264,7
1602581474.8284,26
1602581474.8304,29
1602581474.8324,26
1602581474.8344,29
1602581474.8365,31
1602581474.8384,26
1602581474.8404,22
1602581474.8425,19
1602581474.8444,24
1602581474.8464,31
1602581474.8484,26
1602581474.8504,17
1602581474.8524,22
1602581474.8544,29
1602581474.8564,29
1602581474.8584,22
1602581474.8604,19
1602581474.8624,26
1602581474.8644,31
1602581474.8664,34
1602581474.8684,31
1602581474.8704,34
1602581474.8724,36
1602581474.8744,31
1602581474.8764,26
1602581474.8784,34
1602581474.8804,39
1602581474.8824,36
1602581474.8844,31
1602581474.8864,31
1602581474.8884,34
1602581474.8904,31
1602581474.8924,31
1602581474.8944,44
1602581474.8966,53
1602581474.8984,51
1602581474.9004,58
1602581474.9024,73
1602581474.9044,66
1602581474.9064,46
1602581474.9084,41
1602581474.9105,51
1602581474.9124,44
1602581474.9144,31
1602581474.9164,31
1602581474.9184,31
1602581474.9204,29
1602581474.9225,26
1602581474.9244,34
1602581474.9264,53
1602581474.9284,63
1602581474.9304,56
1602581474.9324,78
1602581474.9344,215
1602581474.9364,431
1602581474.9384,449
1602581474.9404,-2
1602581474.9424,-500
1602581474.9444,-372
1602581475.3718,12
1602581475.3726,68
1602581475.3745,39
1602581475.3764,98
1602581475.3783,100
1602581475.3804,73
1602581475.3824,90
1602581475.3844,88
1602581475.3864,68
1602581475.3884,80
1602581475.3904,93
1602581475.3924,83
1602581475.3944,80
1602581475.3964,83
1602581475.3984,83
1602581475.4004,83
1602581475.4024,85
1602581475.4044,93
1602581475.4064,103
1602581475.4084,103
1602581475.4104,105
1602581475.4124,112
1602581475.4144,115
1602581475.4164,115
1602581475.4184,120
1602581475.4204,125
1602581475.4226,127
1602581475.4244,134
1602581475.4264,142
1602581475.4284,139
1602581475.4304,142
1602581475.4324,147
1602581475.4344,144
1602581475.4364,142
1602581475.4384,134
1602581475.4404,125
1602581475.4424,112
1602581475.4444,95
1602581475.4464,76
1602581475.4484,61
1602581475.4504,49
1602581475.4524,31
1602581475.4544,19
1602581475.4564,19
1602581475.4584,22
1602581475.4604,17
1602581475.4624,17
1602581475.4644,22
1602581475.4664,19
1602581475.4684,12
1602581475.4704,17
1602581475.4724,24
1602581475.4744,26
1602581475.4764,26
1602581475.4784,26
1602581475.4804,34
1602581475.4824,44
1602581475.4844,49
1602581475.4864,44
1602581475.4884,41
1602581475.4904,46
1602581475.4924,44
1602581475.4944,49
1602581475.4964,53
1602581475.4984,53
1602581475.5004,51
1602581475.5024,49
1602581475.5044,49
1602581475.5064,41
1602581475.5084,34
1602581475.5104,34
1602581475.5124,44
1602581475.5144,44
1602581475.9127,36
1602581475.9131,39
1602581475.9141,44
1602581475.9164,36
1602581475.9185,29
1602581475.9204,29
1602581475.9224,29
1602581475.9243,24
1602581475.9264,19
1602581475.9284,19
1602581475.9304,24
1602581475.9324,24
1602581475.9344,22
1602581475.9364,24
1602581475.9384,29
1602581475.9404,34
1602581475.9424,46
1602581475.9444,61
1602581475.9464,71
1602581475.9484,61
1602581475.9504,44
1602581475.9524,41
1602581475.9544,44
1602581475.9564,41
1602581475.9584,29
1602581475.9604,24
1602581475.9624,29
1602581475.9644,31
1602581475.9664,29
1602581475.9684,29
1602581475.9704,34
1602581475.9724,36
1602581475.9744,51
1602581475.9764,134
1602581475.9784,323
1602581475.9804,473
1602581475.9824,255
1602581475.9844,-301
1602581475.9864,-512
1602581475.9884,-166
1602581475.9904,71
1602581475.9924,36
1602581475.9944,66
1602581475.9964,110
1602581475.9984,85
1602581476.0004,85
1602581476.0024,107
1602581476.0044,103
1602581476.0064,98
1602581476.0084,103
1602581476.0104,103
1602581476.0124,105
1602581476.0144,110
1602581476.0164,110
1602581476.0184,112
1602581476.0205,120
1602581476.0225,122
1602581476.0244,125
1602581476.0264,130
1602581476.0284,134
1602581476.0304,134
1602581476.0324,134
1602581476.0344,137
1602581476.0364,139
1602581476.0384,149
1602581476.0404,157
1602581476.0424,157
1602581476.0444,159
1602581476.0464,169
1602581476.0484,174
1602581476.0504,166
1602581476.0524,159
1602581476.0544,154
1602581476.4823,147
1602581476.4828,139
1602581476.4844,134
1602581476.4864,120
1602581476.4883,98
1602581476.4903,76
1602581476.4924,58
1602581476.4944,46
1602581476.4964,36
1602581476.4983,22
1602581476.5003,14
1602581476.5024,17
1602581476.5043,22
1602581476.5064,19
1602581476.5084,19
1602581476.5104,22
1602581476.5124,19
1602581476.5144,22
1602581476.5164,26
1602581476.5184,29
1602581476.5204,26
1602581476.5225,29
1602581476.5244,34
1602581476.5263,41
1602581476.5283,49
1602581476.5304,46
1602581476.5324,46
1602581476.5343,53
1602581476.5363,53
1602581476.5384,49
1602581476.5403,51
1602581476.5424,58
1602581476.5443,56
1602581476.5465,51
1602581476.5484,46
1602581476.5505,49
1602581476.5524,49
1602581476.5544,46
1602581476.5564,53
1602581476.5584,56
1602581476.5604,49
1602581476.5624,49
1602581476.5643,51
1602581476.5664,46
1602581476.5684,46
1602581476.5703,49
1602581476.5724,51
1602581476.5744,53
1602581476.5764,51
1602581476.5784,49
1602581476.5804,49
1602581476.5824,46
1602581476.5843,49
1602581476.5864,66
1602581476.5884,85
1602581476.5904,80
1602581476.5924,66
1602581476.5944,61
1602581476.5964,63
1602581476.5984,61
1602581476.6004,49
1602581476.6024,39
1602581476.6044,34
1602581476.6064,31
1602581476.6084,34
1602581476.6103,34
1602581476.6124,34
1602581476.6144,36
1602581476.6164,39
1602581476.6184,71
1602581476.6204,223
1602581476.6224,461
1602581476.6244,468
1602581477.0817,-41
1602581477.0822,-566
1602581477.0833,-404
1602581477.0853,-12
1602581477.0874,34
1602581477.0893,22
1602581477.0914,88
1602581477.0934,78
1602581477.0955,53
1602581477.0974,71
1602581477.0993,71
1602581477.1016,63
1602581477.1034,78
1602581477.1053,85
1602581477.1074,76
1602581477.1093,73
1602581477.1114,76
1602581477.1133,80
1602581477.1153,85
1602581477.1174,93
1602581477.1194,95
1602581477.1214,98
1602581477.1234,105
1602581477.1255,110
1602581477.1274,112
1602581477.1295,115
1602581477.1314,120
1602581477.1334,125
1602581477.1355,130
1602581477.1373,134
1602581477.1393,139
1602581477.1415,142
1602581477.1434,144
1602581477.1454,144
1602581477.1474,147
1602581477.1494,144
1602581477.1514,139
1602581477.1534,130
1602581477.1554,120
1602581477.1574,112
1602581477.1593,98
1602581477.1615,73
1602581477.1634,56
1602581477.1654,44
1602581477.1674,31
1602581477.1693,22
1602581477.1714,7
1602581477.1734,-2
1602581477.1753,0
1602581477.1774,0
1602581477.1794,-7
1602581477.1815,-7
1602581477.1833,4
1602581477.1854,9
1602581477.1875,7
1602581477.1893,12
1602581477.1915,17
1602581477.1934,12
1602581477.1954,9
1602581477.1973,12
1602581477.1993,17
1602581477.2015,19
1602581477.2035,22
1602581477.2054,24
1602581477.2074,24
1602581477.2094,22
1602581477.2115,19
1602581477.2134,19
1602581477.2154,22
1602581477.2174,19
1602581477.2193,17
1602581477.2214,19
1602581477.2233,19
1602581477.6223,17
1602581477.6233,19
1602581477.6243,19
1602581477.6263,19
1602581477.6283,24
1602581477.6303,24
1602581477.6324,19
1602581477.6344,24
1602581477.6364,29
1602581477.6383,26
1602581477.6404,22
1602581477.6424,12
1602581477.6444,7
1602581477.6464,17
1602581477.6483,29
1602581477.6503,44
1602581477.6523,53
1602581477.6544,41
1602581477.6564,24
1602581477.6584,29
1602581477.6604,36
1602581477.6624,29
1602581477.6644,22
1602581477.6663,17
1602581477.6683,17
1602581477.6704,17
1602581477.6724,17
1602581477.6743,17
1602581477.6763,19
1602581477.6784,19
1602581477.6804,29
1602581477.6823,112
1602581477.6843,318
1602581477.6863,478
1602581477.6883,215
1602581477.6903,-399
1602581477.6924,-581
1602581477.6944,-181
1602581477.6963,41
1602581477.6983,-7
1602581477.7005,31
1602581477.7024,78
1602581477.7043,46
1602581477.7064,46
1602581477.7084,68
1602581477.7103,66
1602581477.7124,63
1602581477.7143,68
1602581477.7163,66
1602581477.7184,63
1602581477.7203,63
1602581477.7224,66
1602581477.7243,71
1602581477.7264,71
1602581477.7283,73
1602581477.7303,78
1602581477.7324,85
1602581477.7343,90
1602581477.7364,93
1602581477.7384,95
1602581477.7404,100
1602581477.7423,105
1602581477.7444,115
1602581477.7464,117
1602581477.7484,117
1602581477.7512,120
1602581477.7516,122
1602581477.7533,122
1602581477.7553,122
1602581477.7573,125
1602581477.7593,122
1602581477.7614,112
1602581477.7634,107
1602581478.1618,95
1602581478.1627,78
1602581478.1644,68
1602581478.1663,51
1602581478.1683,29
1602581478.1703,17
1602581478.1710,12
1602581478.1723,0
1602581478.1743,-17
1602581478.1763,-24
1602581478.1783,-24
1602581478.1803,-22
1602581478.1823,-22
1602581478.1843,-22
1602581478.1864,-17
1602581478.1883,-12
1602581478.1903,-7
1602581478.1923,-4
1602581478.1945,-4
1602581478.1951,0
1602581478.1975,4
1602581478.1980,12
1602581478.1993,17
1602581478.2014,12
1602581478.2033,4
1602581478.2053,4
1602581478.2073,14
1602581478.2093,17
1602581478.2114,9
1602581478.2133,9
1602581478.2154,17
1602581478.2174,14
1602581478.2193,9
1602581478.2214,12
1602581478.2233,17
1602581478.2253,14
1602581478.2260,12
1602581478.2283,14
1602581478.2303,14
1602581478.2324,17
1602581478.2343,19
1602581478.2363,24
1602581478.2385,17
1602581478.2403,4
1602581478.2423,7
1602581478.2443,19
1602581478.2463,17
1602581478.2483,14
1602581478.2503,17
1602581478.2523,22
1602581478.2543,39
1602581478.2563,56
1602581478.2570,49
1602581478.2584,29
1602581478.2603,24
1602581478.2625,26
1602581478.2644,31
1602581478.2663,24
1602581478.2683,12
1602581478.2703,12
1602581478.2723,17
1602581478.2743,19
1602581478.2763,17
1602581478.2783,22
1602581478.2803,26
1602581478.2823,31
1602581478.2843,95
1602581478.2865,272
1602581478.2880,449
1602581478.2905,282
1602581478.2924,-279
1602581478.2943,-571
1602581478.2963,-245
1602581478.7323,34
1602581478.7337,7
1602581478.7354,24
1602581478.7373,73
1602581478.7393,56
1602581478.7414,51
1602581478.7433,58
1602581478.7453,46
1602581478.7473,49
1602581478.7493,61
1602581478.7500,58
1602581478.7523,58
1602581478.7543,63
1602581478.7564,66
1602581478.7583,68
1602581478.7603,76
1602581478.7623,78
1602581478.7643,76
1602581478.7663,78
1602581478.7683,85
1602581478.7703,98
1602581478.7723,105
1602581478.7743,103
1602581478.7763,107
1602581478.7783,115
1602581478.7803,115
1602581478.7810,120
1602581478.7823,132
1602581478.7843,134
1602581478.7864,134
1602581478.7883,130
1602581478.7903,130
1602581478.7924,130
1602581478.7943,125
1602581478.7963,117
1602581478.7983,105
1602581478.8003,85
1602581478.8023,63
1602581478.8043,51
1602581478.8063,44
1602581478.8083,29
1602581478.8103,14
1602581478.8110,4
1602581478.8123,2
1602581478.8143,2
1602581478.8163,-2
1602581478.8183,-4
1602581478.8205,-7
1602581478.8224,-4
1602581478.8243,-2
1602581478.8263,-4
1602581478.8283,-4
1602581478.8303,4
1602581478.8324,12
1602581478.8343,9
1602581478.8363,12
1602581478.8383,17
1602581478.8403,17
1602581478.8410,19
1602581478.8423,22
1602581478.8443,22
1602581478.8463,22
1602581478.8483,24
1602581478.8503,24
1602581478.8523,19
1602581478.8543,17
1602581478.8563,19
1602581478.8584,24
1602581478.8604,24
1602581478.8624,22
1602581478.8643,22
1602581478.8663,24
1602581478.8683,22
1602581479.2718,26
1602581479.2723,31
1602581479.2733,29
1602581479.2753,31
1602581479.2773,31
1602581479.2793,31
1602581479.2813,24
1602581479.2833,19
1602581479.2853,22
1602581479.2873,24
1602581479.2893,26
1602581479.2914,34
1602581479.2921,44
1602581479.2943,58
1602581479.2964,63
1602581479.2983,51
1602581479.3003,41
1602581479.3023,44
1602581479.3043,44
1602581479.3063,36
1602581479.3083,29
1602581479.3103,26
1602581479.3123,24
1602581479.3143,22
1602581479.3163,26
1602581479.3185,34
1602581479.3203,41
1602581479.3210,41
1602581479.3223,61
1602581479.3243,196
1602581479.3263,414
1602581479.3283,431
1602581479.3303,-24
1602581479.3323,-529
1602581479.3343,-412
1602581479.3363,-36
1602581479.3383,29
1602581479.3403,9
1602581479.3423,66
1602581479.3443,66
1602581479.3463,46
1602581479.3483,68
1602581479.3503,76
1602581479.3510,61
1602581479.3523,63
1602581479.3543,73
1602581479.3563,71
1602581479.3583,73
1602581479.3603,80
1602581479.3623,80
1602581479.3643,83
1602581479.3663,88
1602581479.3683,93
1602581479.3703,93
1602581479.3723,95
1602581479.3743,103
1602581479.3763,110
1602581479.3783,110
1602581479.3803,115
1602581479.3821,122
1602581479.3833,127
1602581479.3853,132
1602581479.3873,134
1602581479.3893,137
1602581479.3914,142
1602581479.3933,139
1602581479.3953,134
1602581479.3973,130
1602581479.3993,125
1602581479.4013,122
1602581479.4034,117
1602581479.4053,107
1602581479.4073,100
1602581479.8418,85
1602581479.8429,61
1602581479.8443,44
1602581479.8464,36
1602581479.8483,17
1602581479.8503,-2
1602581479.8523,-2
1602581479.8543,2
1602581479.8563,0
1602581479.8583,-4
1602581479.8603,2
1602581479.8623,9
1602581479.8643,7
1602581479.8663,9
1602581479.8683,17
1602581479.8703,17
1602581479.8723,17
1602581479.8743,22
1602581479.8763,29
1602581479.8783,34
1602581479.8802,34
1602581479.8824,26
1602581479.8843,29
1602581479.8863,36
1602581479.8883,31
1602581479.8904,29
1602581479.8923,34
1602581479.8943,31
1602581479.8963,29
1602581479.8983,29
1602581479.9003,24
1602581479.9023,24
1602581479.9043,34
1602581479.9063,31
1602581479.9083,24
1602581479.9103,29
1602581479.9124,34
1602581479.9143,34
1602581479.9163,36
1602581479.9183,34
1602581479.9203,26
1602581479.9224,31
1602581479.9243,44
1602581479.9263,58
1602581479.9283,76
1602581479.9303,71
1602581479.9324,51
1602581479.9343,49
1602581479.9364,56
1602581479.9383,53
1602581479.9403,49
1602581479.9423,36
1602581479.9443,26
1602581479.9463,34
1602581479.9484,41
1602581479.9503,36
1602581479.9523,34
1602581479.9543,34
1602581479.9563,41
1602581479.9583,110
1602581479.9603,306
1602581479.9623,510
1602581479.9643,321
1602581479.9663,-311
1602581479.9683,-608
1602581479.9703,-242
1602581479.9724,36
1602581479.9743,2
1602581479.9763,41
1602581479.9783,105
1602581479.9803,66
1602581479.9823,53
1602581479.9843,78
1602581480.4717,76
1602581480.4722,63
1602581480.4733,66
1602581480.4753,68
1602581480.4773,68
1602581480.4793,66
1602581480.4814,61
1602581480.4833,66
1602581480.4853,73
1602581480.4873,66
1602581480.4893,63
1602581480.4914,76
1602581480.4933,88
1602581480.4953,83
1602581480.4973,78
1602581480.4993,88
1602581480.5013,98
1602581480.5033,95
1602581480.5053,98
1602581480.5074,107
1602581480.5093,110
1602581480.5114,110
1602581480.5133,115
1602581480.5153,120
1602581480.5173,112
1602581480.5193,103
1602581480.5214,100
1602581480.5233,95
1602581480.5253,85
1602581480.5273,73
1602581480.5293,61
1602581480.5313,46
1602581480.5335,26
1602581480.5353,9
1602581480.5373,2
1602581480.5393,0
1602581480.5414,-7
1602581480.5433,-17
1602581480.5453,-19
1602581480.5473,-14
1602581480.5493,-14
1602581480.5514,-17
1602581480.5533,-4
1602581480.5553,4
1602581480.5573,4
1602581480.5593,4
1602581480.5614,12
1602581480.5633,19
1602581480.5653,17
1602581480.5673,17
1602581480.5693,22
1602581480.5714,17
1602581480.5733,14
1602581480.5753,24
1602581480.5773,26
1602581480.5793,19
1602581480.5814,17
1602581480.5833,17
1602581480.5853,19
1602581480.5873,19
1602581480.5893,14
1602581480.5914,12
1602581480.5933,14
1602581480.5953,17
1602581480.5973,19
1602581480.5993,19
1602581480.6013,17
1602581480.6033,19
1602581480.6053,17
1602581480.6073,17
1602581480.6093,24
1602581480.6113,44
1602581480.6133,63
1602581480.9820,56
1602581480.9824,36
1602581480.9843,31
1602581480.9862,39
1602581480.9882,36
1602581480.9902,22
1602581480.9923,7
1602581480.9943,4
1602581480.9962,9
1602581480.9983,14
1602581481.0004,14
1602581481.0023,17
1602581481.0043,22
1602581481.0063,29
1602581481.0083,90
1602581481.0103,287
1602581481.0123,476
1602581481.0143,260
1602581481.0163,-368
1602581481.0183,-620
1602581481.0203,-230
1602581481.0223,26
1602581481.0243,-22
1602581481.0263,17
1602581481.0283,73
1602581481.0303,39
1602581481.0324,31
1602581481.0343,58
1602581481.0363,58
1602581481.0383,49
1602581481.0403,53
1602581481.0423,58
1602581481.0443,56
1602581481.0463,58
1602581481.0483,63
1602581481.0503,66
1602581481.0523,63
1602581481.0543,63
1602581481.0664,63
1602581481.0668,71
1602581481.0683,80
1602581481.0703,83
1602581481.0724,80
1602581481.0743,85
1602581481.0763,90
1602581481.0783,93
1602581481.0803,100
1602581481.0823,110
1602581481.0843,110
1602581481.0863,107
1602581481.0883,112
1602581481.0903,117
1602581481.0923,115
1602581481.0943,107
1602581481.1136,103
1602581481.1144,95
1602581481.1162,80
1602581481.1183,66
1602581481.1202,49
1602581481.1223,36
1602581481.1242,22
1602581481.1264,7
1602581481.1283,-4
1602581481.1302,-4
1602581481.1323,-2
1602581481.1342,-4
1602581481.1362,-12
1602581481.1383,-9
1602581481.1402,-9
1602581481.1423,-12
1602581481.1442,-4
1602581481.1460,0
1602581481.1514,-4
1602581481.5521,-7
1602581481.5527,-4
1602581481.5542,4
1602581481.5563,7
1602581481.5582,7
1602581481.5602,9
1602581481.5623,12
1602581481.5642,9
1602581481.5662,4
1602581481.5683,0
1602581481.5702,0
1602581481.5723,-2
1602581481.5742,0
1602581481.5762,4
1602581481.5782,4
1602581481.5803,2
1602581481.5823,7
1602581481.5842,9
1602581481.5862,7
1602581481.5882,9
1602581481.5902,9
1602581481.5923,9
1602581481.5942,12
1602581481.5962,17
1602581481.5982,22
1602581481.6002,46
1602581481.6023,63
1602581481.6043,44
1602581481.6062,29
1602581481.6083,39
1602581481.6102,44
1602581481.6123,34
1602581481.6142,19
1602581481.6163,12
1602581481.6182,14
1602581481.6202,17
1602581481.6223,17
1602581481.6242,22
1602581481.6262,26
1602581481.6285,29
1602581481.6298,56
1602581481.6314,196
1602581481.6332,414
1602581481.6352,426
1602581481.6372,-39
1602581481.6393,-542
1602581481.6413,-409
1602581481.6432,-26
1602581481.6452,34
1602581481.6472,19
1602581481.6492,85
1602581481.6513,83
1602581481.6533,56
1602581481.6552,73
1602581481.6572,80
1602581481.6592,71
1602581481.6613,73
1602581481.6632,76
1602581481.6652,71
1602581481.6672,76
1602581481.6692,85
1602581481.6714,83
1602581481.6733,80
1602581481.6752,78
1602581481.6772,80
1602581481.6792,85
1602581481.6813,88
1602581481.6832,85
1602581481.6852,93
1602581481.6872,95
1602581481.6893,98
1602581481.6913,103
1602581481.6932,105
1602581482.0922,105
1602581482.0927,112
1602581482.0942,120
1602581482.0962,120
1602581482.0982,115
1602581482.1002,110
1602581482.1023,110
1602581482.1042,105
1602581482.1062,98
1602581482.1082,78
1602581482.1102,53
1602581482.1123,41
1602581482.1142,29
1602581482.1162,17
1602581482.1183,4
1602581482.1202,-2
1602581482.1224,-7
1602581482.1244,-4
1602581482.1263,-7
1602581482.1283,-9
1602581482.1302,-9
1602581482.1323,-7
1602581482.1342,-2
1602581482.1362,4
1602581482.1382,4
1602581482.1402,2
1602581482.1423,2
1602581482.1442,12
1602581482.1462,22
1602581482.1482,19
1602581482.1502,14
1602581482.1523,22
1602581482.1542,31
1602581482.1562,31
1602581482.1583,26
1602581482.1602,31
1602581482.1623,34
1602581482.1643,29
1602581482.1662,29
1602581482.1682,31
1602581482.1702,26
1602581482.1723,24
1602581482.1742,24
1602581482.1762,26
1602581482.1782,29
1602581482.1802,31
1602581482.1822,31
1602581482.1842,26
1602581482.1862,31
1602581482.1882,41
1602581482.1897,39
1602581482.1913,49
1602581482.1932,71
1602581482.1952,68
1602581482.1972,41
1602581482.1993,39
1602581482.2013,49
1602581482.2032,39
1602581482.2052,19
1602581482.2072,14
1602581482.2092,14
1602581482.2113,19
1602581482.2132,26
1602581482.2153,24
1602581482.2172,24
1602581482.2193,29
1602581482.2213,39
1602581482.2232,100
1602581482.2254,279
1602581482.2273,463
1602581482.2292,299
1602581482.2313,-272
1602581482.2332,-569
1602581482.6922,-240
1602581482.6931,41
1602581482.6942,19
1602581482.6962,39
1602581482.6982,90
1602581482.7002,71
1602581482.7023,56
1602581482.7042,66
1602581482.7062,66
1602581482.7083,66
1602581482.7102,66
1602581482.7123,63
1602581482.7142,66
1602581482.7162,71
1602581482.7182,68
1602581482.7202,66
1602581482.7223,68
1602581482.7242,63
1602581482.7262,66
1602581482.7282,76
1602581482.7302,78
1602581482.7323,76
1602581482.7343,80
1602581482.7362,93
1602581482.7382,95
1602581482.7402,93
1602581482.7423,95
1602581482.7442,103
1602581482.7462,107
1602581482.7482,107
1602581482.7502,105
1602581482.7522,103
1602581482.7542,105
1602581482.7562,98
1602581482.7582,83
1602581482.7602,78
1602581482.7623,73
1602581482.7642,58
1602581482.7663,41
1602581482.7682,29
1602581482.7702,12
1602581482.7723,-7
1602581482.7742,-14
1602581482.7762,-9
1602581482.7782,-12
1602581482.7802,-26
1602581482.7824,-24
1602581482.7843,-19
1602581482.7862,-26
1602581482.7883,-36
1602581482.7902,-39
1602581482.7923,-29
1602581482.7942,-19
1602581482.7962,-24
1602581482.7983,-19
1602581482.8003,-7
1602581482.8023,-4
1602581482.8042,-4
1602581482.8062,0
1602581482.8082,0
1602581482.8103,2
1602581482.8123,4
1602581482.8142,4
1602581482.8163,4
1602581482.8182,7
1602581482.8203,4
1602581482.8222,2
1602581482.8242,4
1602581482.8263,2
1602581482.8283,2
1602581482.8303,4
1602581482.8323,2
1602581482.8343,-2
1602581483.2017,2
1602581483.2022,4
1602581483.2032,7
1602581483.2052,12
1602581483.2073,29
1602581483.2092,34
1602581483.2113,22
1602581483.2132,12
1602581483.2153,17
1602581483.2172,19
1602581483.2192,9
1602581483.2213,-7
1602581483.2232,-14
1602581483.2252,-7
1602581483.2272,2
1602581483.2292,0
1602581483.2313,0
1602581483.2333,9
1602581483.2352,22
1602581483.2372,95
1602581483.2393,309
1602581483.2413,502
1602581483.2432,262
1602581483.2452,-375
1602581483.2474,-591
1602581483.2493,-201
1602581483.2513,29
1602581483.2532,-9
1602581483.2552,41
1602581483.2565,93
1602581483.2582,61
1602581483.2603,63
1602581483.2622,90
1602581483.2643,93
1602581483.2663,88
1602581483.2682,93
1602581483.2702,98
1602581483.2723,98
1602581483.2742,105
1602581483.2762,107
1602581483.2776,103
1602581483.2792,107
1602581483.2813,107
1602581483.2833,98
1602581483.2852,103
1602581483.2873,122
1602581483.2893,122
1602581483.2913,115
1602581483.2933,127
1602581483.2952,142
1602581483.2972,142
1602581483.2992,137
1602581483.3013,137
1602581483.3032,147
1602581483.3052,149
1602581483.3072,147
1602581483.3092,149
1602581483.3113,147
1602581483.3133,134
1602581483.3153,130
1602581483.3173,130
1602581483.3192,122
1602581483.3213,103
1602581483.3233,80
1602581483.3253,61
1602581483.3272,49
1602581483.3292,39
1602581483.3313,29
1602581483.3332,22
1602581483.3353,14
1602581483.3372,4
1602581483.3392,4
1602581483.3413,4
1602581483.8018,2
1602581483.8024,9
1602581483.8044,14
1602581483.8062,17
1602581483.8082,14
1602581483.8102,12
1602581483.8123,14
1602581483.8142,19
1602581483.8162,17
1602581483.8182,17
1602581483.8197,24
1602581483.8213,34
1602581483.8232,34
1602581483.8252,29
1602581483.8272,29
1602581483.8292,31
1602581483.8300,31
1602581483.8315,34
1602581483.8332,34
1602581483.8352,31
1602581483.8372,31
1602581483.8392,34
1602581483.8413,36
1602581483.8432,44
1602581483.8452,49
1602581483.8472,51
1602581483.8492,56
1602581483.8513,68
1602581483.8528,88
1602581483.8552,93
1602581483.8572,76
1602581483.8592,68
1602581483.8613,71
1602581483.8632,71
1602581483.8652,66
1602581483.8672,53
1602581483.8692,49
1602581483.8712,56
1602581483.8732,63
1602581483.8752,66
1602581483.8772,66
1602581483.8792,66
1602581483.8812,78
1602581483.8833,161
1602581483.8853,375
1602581483.8873,549
1602581483.8892,279
1602581483.8913,-358
1602581483.8932,-534
1602581483.8952,-120
1602581483.8972,100
1602581483.8992,51
1602581483.9013,100
1602581483.9034,149
1602581483.9052,120
1602581483.9072,120
1602581483.9092,134
1602581483.9113,127
1602581483.9132,130
1602581483.9152,132
1602581483.9172,130
1602581483.9192,134
1602581483.9213,137
1602581483.9232,127
1602581483.9253,134
1602581483.9272,149
1602581483.9292,149
1602581483.9313,142
1602581483.9333,149
1602581483.9352,154
1602581483.9372,157
1602581483.9392,159
1602581483.9413,171
1602581484.3719,179
1602581484.3724,176
1602581484.3742,176
1602581484.3762,186
1602581484.3782,193
1602581484.3796,193
1602581484.3813,188
1602581484.3832,184
1602581484.3852,176
1602581484.3872,166
1602581484.3892,152
1602581484.3913,142
1602581484.3932,130
1602581484.3952,112
1602581484.3972,88
1602581484.3992,73
1602581484.4013,71
1602581484.4032,61
1602581484.4052,49
1602581484.4072,39
1602581484.4092,34
1602581484.4112,36
1602581484.4132,34
1602581484.4152,29
1602581484.4172,29
1602581484.4192,29
1602581484.4213,29
1602581484.4232,31
1602581484.4252,31
1602581484.4272,34
1602581484.4292,39
1602581484.4315,39
1602581484.4332,36
1602581484.4352,41
1602581484.4372,46
1602581484.4392,46
1602581484.4413,46
1602581484.4432,44
1602581484.4452,41
1602581484.4472,41
1602581484.4492,46
1602581484.4513,46
1602581484.4532,44
1602581484.4616,46
1602581484.4632,49
1602581484.4652,49
1602581484.4672,46
1602581484.4692,44
1602581484.4713,46
1602581484.4732,58
1602581484.4739,78
1602581484.4752,88
1602581484.4772,78
1602581484.4792,68
1602581484.4812,71
1602581484.4832,71
1602581484.4852,58
1602581484.4872,51
1602581484.4892,49
1602581484.4913,49
1602581484.4932,51
1602581484.4952,56
1602581484.4972,61
1602581484.4992,61
1602581484.5012,66
1602581484.5032,137
1602581484.5039,333
1602581484.5052,515
1602581484.5072,314
1602581484.5092,-282
1602581484.5112,-542
1602581484.5132,-186
1602581484.5152,76
1602581484.9126,44
1602581484.9138,80
1602581484.9152,139
1602581484.9172,110
1602581484.9192,98
1602581484.9213,117
1602581484.9232,115
1602581484.9252,100
1602581484.9272,100
1602581484.9294,107
1602581484.9313,105
1602581484.9333,98
1602581484.9352,95
1602581484.9372,98
1602581484.9392,103
1602581484.9413,107
1602581484.9419,110
1602581484.9432,117
1602581484.9452,120
1602581484.9472,120
1602581484.9492,127
1602581484.9512,127
1602581484.9532,127
1602581484.9552,142
1602581484.9572,149
1602581484.9592,144
1602581484.9612,149
1602581484.9632,157
1602581484.9652,154
1602581484.9672,149
1602581484.9692,149
1602581484.9712,142
1602581484.9794,132
1602581484.9813,127
1602581484.9832,120
1602581484.9852,110
1602581484.9872,93
1602581484.9892,68
1602581484.9913,53
1602581484.9932,44
1602581484.9952,34
1602581484.9972,29
1602581484.9992,29
1602581485.0012,24
1602581485.0032,19
1602581485.0052,17
1602581485.0072,17
1602581485.0079,22
1602581485.0092,29
1602581485.0112,29
1602581485.0132,29
1602581485.0152,36
1602581485.0172,44
1602581485.0192,39
1602581485.0212,31
1602581485.0232,34
1602581485.0252,39
1602581485.0272,36
1602581485.0292,36
1602581485.0313,46
1602581485.0333,46
1602581485.0353,36
1602581485.0372,31
1602581485.0379,41
1602581485.0392,44
1602581485.0413,36
1602581485.0432,31
1602581485.0452,36
1602581485.0472,41
1602581485.0492,41
1602581485.0512,51
1602581485.0532,73
1602581485.0552,73
1602581485.4522,58
1602581485.4528,58
1602581485.4542,61
1602581485.4562,51
1602581485.4582,39
1602581485.4589,36
1602581485.4612,44
1602581485.4632,46
1602581485.4652,31
1602581485.4672,26
1602581485.4692,34
1602581485.4712,39
1602581485.4732,68
1602581485.4752,206
1602581485.4772,426
1602581485.4793,431
1602581485.4813,-51
1602581485.4832,-542
1602581485.4852,-380
1602581485.4872,0
1602581485.4892,46
1602581485.4899,29
1602581485.4922,100
1602581485.4942,103
1602581485.4962,76
1602581485.4982,93
1602581485.5002,107
1602581485.5022,100
1602581485.5042,100
1602581485.5062,110
1602581485.5082,110
1602581485.5102,107
1602581485.5122,112
1602581485.5142,117
1602581485.5162,117
1602581485.5182,120
1602581485.5202,125
1602581485.5209,125
1602581485.5233,127
1602581485.5253,134
1602581485.5272,139
1602581485.5292,144
1602581485.5312,152
1602581485.5332,154
1602581485.5352,157
1602581485.5372,159
1602581485.5392,161
1602581485.5412,161
1602581485.5432,161
1602581485.5452,166
1602581485.5472,164
1602581485.5491,152
1602581485.5513,147
1602581485.5519,142
1602581485.5542,132
1602581485.5562,120
1602581485.5582,107
1602581485.5602,90
1602581485.5621,68
1602581485.5642,56
1602581485.5662,56
1602581485.5682,51
1602581485.5702,41
1602581485.5722,31
1602581485.5742,29
1602581485.5762,36
1602581485.5782,39
1602581485.5802,31
1602581485.5822,24
1602581485.5829,29
1602581485.5852,36
1602581485.5872,34
1602581485.5892,36
1602581486.0222,41
1602581486.0227,44
1602581486.0241,46
1602581486.0261,51
1602581486.0281,53
1602581486.0301,44
1602581486.0322,22
1602581486.0343,17
1602581486.0362,29
1602581486.0370,29
1602581486.0391,17
1602581486.0412,14
1602581486.0433,17
1602581486.0452,19
1602581486.0472,26
1602581486.0491,44
1602581486.0514,53
1602581486.0532,46
1602581486.0552,39
1602581486.0571,41
1602581486.0592,39
1602581486.0612,31
1602581486.0631,26
1602581486.0651,29
1602581486.0659,31
1602581486.0681,29
1602581486.0703,31
1602581486.0722,41
1602581486.0742,44
1602581486.0761,56
1602581486.0781,179
1602581486.0801,429
1602581486.0822,520
1602581486.0842,71
1602581486.0862,-527
1602581486.0895,-463
1602581486.0918,-44
1602581486.0933,46
1602581486.0952,24
1602581486.0972,107
1602581486.0992,117
1602581486.1013,83
1602581486.1032,105
1602581486.1052,120
1602581486.1071,110
1602581486.1091,110
1602581486.1113,115
1602581486.1131,115
1602581486.1151,117
1602581486.1172,127
1602581486.1192,134
1602581486.1213,139
1602581486.1232,137
1602581486.1252,137
1602581486.1271,144
1602581486.1292,154
1602581486.1312,161
1602581486.1331,166
1602581486.1351,166
1602581486.1372,164
1602581486.1392,169
1602581486.1412,181
1602581486.1432,184
1602581486.1451,184
1602581486.1471,181
1602581486.1491,179
1602581486.1513,181
1602581486.1534,179
1602581486.1552,171
1602581486.1572,169
1602581486.1592,161
1602581486.1613,147
1602581486.1632,127
1602581486.5622,107
1602581486.5648,93
1602581486.5661,78
1602581486.5682,61
1602581486.5701,49
1602581486.5722,39
1602581486.5742,26
1602581486.5761,14
1602581486.5781,14
1602581486.5801,14
1602581486.5822,14
1602581486.5841,19
1602581486.5861,29
1602581486.5882,31
1602581486.5901,36
1602581486.5922,36
1602581486.5941,36
1602581486.5962,29
1602581486.5982,29
1602581486.6002,41
1602581486.6022,46
1602581486.6041,41
1602581486.6062,39
1602581486.6082,41
1602581486.6101,41
1602581486.6122,39
1602581486.6141,39
1602581486.6161,39
1602581486.6181,39
1602581486.6201,53
1602581486.6222,63
1602581486.6242,56
1602581486.6262,49
1602581486.6282,49
1602581486.6302,41
1602581486.6323,29
1602581486.6341,24
1602581486.6362,26
1602581486.6382,29
1602581486.6401,31
1602581486.6423,36
1602581486.6441,36
1602581486.6462,36
1602581486.6482,41
1602581486.6501,130
1602581486.6524,358
1602581486.6542,542
1602581486.6561,255
1602581486.6581,-409
1602581486.6602,-588
1602581486.6621,-161
1602581486.6641,58
1602581486.6661,7
1602581486.6681,58
1602581486.6701,107
1602581486.6721,73
1602581486.6742,71
1602581486.6761,90
1602581486.6781,85
1602581486.6801,85
1602581486.6823,100
1602581486.6841,98
1602581486.6861,90
1602581486.6881,93
1602581486.6901,95
1602581486.6922,93
1602581486.6941,95
1602581486.6962,105
1602581486.6981,107
1602581486.7002,110
1602581486.7022,112
1602581486.7041,117
1602581486.7061,122
1602581487.1918,127
1602581487.1923,137
1602581487.1941,144
1602581487.1961,139
1602581487.1981,134
1602581487.2001,139
1602581487.2022,134
1602581487.2042,132
1602581487.2061,132
1602581487.2081,127
1602581487.2101,120
1602581487.2122,110
1602581487.2141,98
1602581487.2162,88
1602581487.2181,76
1602581487.2201,53
1602581487.2222,39
1602581487.2241,31
1602581487.2261,24
1602581487.2281,14
1602581487.2302,9
1602581487.2322,9
1602581487.2341,9
1602581487.2364,9
1602581487.2382,12
1602581487.2401,14
1602581487.2422,17
1602581487.2441,19
1602581487.2461,24
1602581487.2481,29
1602581487.2501,36
1602581487.2522,39
1602581487.2542,41
1602581487.2562,46
1602581487.2582,41
1602581487.2602,41
1602581487.2622,49
1602581487.2642,49
1602581487.2662,41
1602581487.2682,39
1602581487.2702,36
1602581487.2722,34
1602581487.2742,39
1602581487.2762,51
1602581487.2782,63
1602581487.2802,56
1602581487.2822,49
1602581487.2841,44
1602581487.2861,39
1602581487.2882,26
1602581487.2902,24
1602581487.2922,29
1602581487.2941,29
1602581487.2962,29
1602581487.2981,39
1602581487.3001,44
1602581487.3021,44
1602581487.3041,103
1602581487.3061,301
1602581487.3081,500
1602581487.3101,301
1602581487.3121,-326
1602581487.3141,-608
1602581487.3161,-235
1602581487.3182,39
1602581487.3201,4
1602581487.3222,39
1602581487.3242,90
1602581487.3262,66
1602581487.3281,63
1602581487.3301,83
1602581487.3322,76
1602581487.3341,73
1602581487.7319,73
1602581487.7331,71
1602581487.7341,80
1602581487.7361,85
1602581487.7381,85
1602581487.7401,90
1602581487.7422,93
1602581487.7441,93
1602581487.7461,103
1602581487.7481,112
1602581487.7501,112
1602581487.7522,112
1602581487.7541,117
1602581487.7561,117
1602581487.7581,117
1602581487.7601,125
1602581487.7622,130
1602581487.7641,132
1602581487.7661,139
1602581487.7681,144
1602581487.7702,137
1602581487.7721,127
1602581487.7741,132
1602581487.7761,132
1602581487.7781,120
1602581487.7801,105
1602581487.7821,90
1602581487.7852,80
1602581487.7861,66
1602581487.7881,49
1602581487.7901,39
1602581487.7921,31
1602581487.7941,19
1602581487.7961,17
1602581487.7981,22
1602581487.8001,19
1602581487.8022,12
1602581487.8041,12
1602581487.8061,17
1602581487.8081,22
1602581487.8101,22
1602581487.8122,31
1602581487.8141,39
1602581487.8161,31
1602581487.8181,31
1602581487.8201,44
1602581487.8221,49
1602581487.8241,44
1602581487.8261,41
1602581487.8281,41
1602581487.8301,36
1602581487.8321,29
1602581487.8343,29
1602581487.8362,31
1602581487.8381,31
1602581487.8401,34
1602581487.8422,44
1602581487.8441,56
1602581487.8461,61
1602581487.8481,56
1602581487.8501,46
1602581487.8521,39
1602581487.8541,39
1602581487.8561,41
1602581487.8581,39
1602581487.8601,34
1602581487.8622,39
1602581487.8642,41
1602581487.8661,44
1602581487.8681,44
1602581487.8701,61
1602581487.8721,171
1602581487.8741,395
1602581488.2717,493
1602581488.2723,95
1602581488.2742,-495
1602581488.2761,-473
1602581488.2781,-46
1602581488.2801,71
1602581488.2821,22
1602581488.2842,80
1602581488.2861,100
1602581488.2881,71
1602581488.2901,78
1602581488.2921,85
1602581488.2941,76
1602581488.2961,76
1602581488.2982,78
1602581488.3001,76
1602581488.3021,78
1602581488.3041,88
1602581488.3061,83
1602581488.3081,83
1602581488.3101,98
1602581488.3122,103
1602581488.3142,103
1602581488.3162,105
1602581488.3181,105
1602581488.3202,100
1602581488.3222,107
1602581488.3241,125
1602581488.3261,130
1602581488.3281,127
1602581488.3303,132
1602581488.3322,139
1602581488.3341,142
1602581488.3361,139
1602581488.3381,137
1602581488.3401,137
1602581488.3422,130
1602581488.3441,125
1602581488.3461,122
1602581488.3481,110
1602581488.3501,95
1602581488.3521,83
1602581488.3541,71
1602581488.3561,53
1602581488.3581,36
1602581488.3601,31
1602581488.3621,34
1602581488.3641,34
1602581488.3661,29
1602581488.3681,26
1602581488.3701,29
1602581488.3721,34
1602581488.3741,41
1602581488.3761,49
1602581488.3781,51
1602581488.3801,46
1602581488.3821,46
1602581488.3841,53
1602581488.3861,58
1602581488.3881,56
1602581488.3901,56
1602581488.3921,66
1602581488.3941,76
1602581488.3961,73
1602581488.3981,71
1602581488.4001,73
1602581488.4021,71
1602581488.4041,66
1602581488.4061,56
1602581488.4081,61
1602581488.4101,78
1602581488.4122,88
1602581488.4141,95
1602581488.8417,98
1602581488.8423,90
1602581488.8441,83
1602581488.8461,80
1602581488.8481,68
1602581488.8501,66
1602581488.8521,71
1602581488.8541,58
1602581488.8563,49
1602581488.8581,63
1602581488.8601,71
1602581488.8621,68
1602581488.8643,100
1602581488.8661,242
1602581488.8680,476
1602581488.8701,502
1602581488.8721,7
1602581488.8741,-537
1602581488.8761,-397
1602581488.8781,-2
1602581488.8801,51
1602581488.8821,46
1602581488.8841,127
1602581488.8861,125
1602581488.8881,100
1602581488.8901,122
1602581488.8922,122
1602581488.8941,112
1602581488.8961,122
1602581488.8981,130
1602581488.9001,122
1602581488.9021,125
1602581488.9041,125
1602581488.9061,117
1602581488.9081,127
1602581488.9101,134
1602581488.9121,117
1602581488.9141,117
1602581488.9161,130
1602581488.9181,132
1602581488.9201,132
1602581488.9222,137
1602581488.9242,134
1602581488.9261,134
1602581488.9282,152
1602581488.9301,164
1602581488.9321,161
1602581488.9341,159
1602581488.9361,159
1602581488.9381,149
1602581488.9401,144
1602581488.9421,149
1602581488.9441,142
1602581488.9461,130
1602581488.9481,122
1602581488.9501,110
1602581488.9521,90
1602581488.9541,71
1602581488.9561,61
1602581488.9582,56
1602581488.9601,46
1602581488.9621,39
1602581488.9641,36
1602581488.9661,34
1602581488.9681,24
1602581488.9701,24
1602581488.9721,29
1602581488.9741,29
1602581488.9761,34
1602581488.9781,41
1602581488.9801,39
1602581488.9821,44
1602581488.9841,49
1602581489.3818,56
1602581489.3823,61
1602581489.3841,58
1602581489.3861,61
1602581489.3881,71
1602581489.3901,68
1602581489.3921,53
1602581489.3941,46
1602581489.3961,51
1602581489.3981,58
1602581489.4001,66
1602581489.4021,68
1602581489.4041,68
1602581489.4061,58
1602581489.4081,41
1602581489.4101,34
1602581489.4122,26
1602581489.4141,24
1602581489.4161,31
1602581489.4181,39
1602581489.4207,39
1602581489.4221,39
1602581489.4242,44
1602581489.4261,51
1602581489.4281,169
1602581489.4301,441
1602581489.4321,574
1602581489.4341,117
1602581489.4361,-564
1602581489.4381,-542
1602581489.4401,-83
1602581489.4421,26
1602581489.4441,-2
1602581489.4461,83
1602581489.4481,93
1602581489.4501,53
1602581489.4522,76
1602581489.4543,88
1602581489.4561,76
1602581489.4581,80
1602581489.4601,83
1602581489.4621,78
1602581489.4641,88
1602581489.4661,93
1602581489.4681,88
1602581489.4701,93
1602581489.4721,103
1602581489.4741,100
1602581489.4761,90
1602581489.4781,103
1602581489.4801,125
1602581489.4821,125
1602581489.4841,112
1602581489.4861,110
1602581489.4881,112
1602581489.4901,107
1602581489.4921,103
1602581489.4941,110
1602581489.4961,117
1602581489.4981,115
1602581489.5001,105
1602581489.5022,100
1602581489.5041,103
1602581489.5062,98
1602581489.5081,88
1602581489.5101,71
1602581489.5121,53
1602581489.5141,29
1602581489.5161,4
1602581489.5181,-14
1602581489.5201,-31
1602581489.5221,-31
1602581489.5241,-19
1602581489.9222,-17
1602581489.9227,-26
1602581489.9241,-36
1602581489.9261,-34
1602581489.9282,-14
1602581489.9301,-14
1602581489.9321,-36
1602581489.9341,-31
1602581489.9360,-12
1602581489.9381,-17
1602581489.9401,-22
1602581489.9421,-9
1602581489.9441,0
1602581489.9461,-7
1602581489.9481,-12
1602581489.9503,-7
1602581489.9521,2
1602581489.9541,14
1602581489.9561,29
1602581489.9581,39
1602581489.9601,26
1602581489.9622,0
1602581489.9641,-17
1602581489.9661,-9
1602581489.9681,-4
1602581489.9701,-9
1602581489.9722,-9
1602581489.9741,-2
1602581489.9761,2
1602581489.9781,2
1602581489.9801,4
1602581489.9821,56
1602581489.9841,250
1602581489.9860,510
1602581489.9881,409
1602581489.9901,-247
1602581489.9923,-672
1602581489.9941,-326
1602581489.9961,14
1602581489.9981,-14
1602581490.0001,17
1602581490.0021,100
1602581490.0041,68
1602581490.0061,51
1602581490.0081,83
1602581490.0101,78
1602581490.0121,76
1602581490.0141,88
1602581490.0161,83
1602581490.0181,76
1602581490.0201,90
1602581490.0221,103
1602581490.0241,90
1602581490.0261,83
1602581490.0281,90
1602581490.0301,98
1602581490.0321,103
1602581490.0341,110
1602581490.0361,115
1602581490.0381,120
1602581490.0401,125
1602581490.0422,130
1602581490.0441,137
1602581490.0461,142
1602581490.0481,144
1602581490.0501,152
1602581490.0523,149
1602581490.0541,134
1602581490.0561,132
1602581490.0581,132
1602581490.0601,115
1602581490.0621,100
1602581490.0641,90
1602581490.5221,78
1602581490.5248,71
1602581490.5261,58
1602581490.5280,29
1602581490.5300,14
1602581490.5321,19
1602581490.5341,7
1602581490.5361,-2
1602581490.5380,12
1602581490.5401,14
1602581490.5421,-4
1602581490.5440,0
1602581490.5461,14
1602581490.5481,12
1602581490.5502,14
1602581490.5521,26
1602581490.5541,31
1602581490.5561,26
1602581490.5581,29
1602581490.5601,49
1602581490.5621,49
1602581490.5641,36
1602581490.5660,51
1602581490.5680,76
1602581490.5701,73
1602581490.5722,63
1602581490.5741,61
1602581490.5761,51
1602581490.5780,36
1602581490.5801,39
1602581490.5821,39
1602581490.5841,36
1602581490.5861,44
1602581490.5880,49
1602581490.5900,49
1602581490.5921,53
1602581490.5941,73
1602581490.5961,198
1602581490.5980,451
1602581490.6001,525
1602581490.6021,36
1602581490.6041,-552
1602581490.6060,-429
1602581490.6081,-2
1602581490.6102,56
1602581490.6121,31
1602581490.6141,112
1602581490.6161,117
1602581490.6180,85
1602581490.6201,105
1602581490.6221,117
1602581490.6241,110
1602581490.6260,110
1602581490.6280,110
1602581490.6301,107
1602581490.6321,105
1602581490.6340,107
1602581490.6361,117
1602581490.6381,115
1602581490.6400,112
1602581490.6421,125
1602581490.6441,139
1602581490.6461,139
1602581490.6481,142
1602581490.6501,152
1602581490.6521,149
1602581490.6541,149
1602581490.6561,159
1602581490.6581,164
1602581490.6601,161
1602581490.6620,161
1602581490.6640,159
1602581490.6661,152
1602581491.0921,152
1602581491.0927,147
1602581491.0941,132
1602581491.0961,125
1602581491.0980,125
1602581491.1001,112
1602581491.1021,90
1602581491.1041,66
1602581491.1060,36
1602581491.1081,14
1602581491.1101,12
1602581491.1133,4
1602581491.1152,-7
1602581491.1172,-4
1602581491.1190,4
1602581491.1211,0
1602581491.1232,-4
1602581491.1250,0
1602581491.1270,7
1602581491.1290,9
1602581491.1311,17
1602581491.1330,19
1602581491.1339,19
1602581491.1351,29
1602581491.1371,36
1602581491.1391,31
1602581491.1411,31
1602581491.1430,46
1602581491.1450,63
1602581491.1470,71
1602581491.1490,61
1602581491.1511,49
1602581491.1530,46
1602581491.1550,41
1602581491.1570,36
1602581491.1591,41
1602581491.1611,41
1602581491.1631,39
1602581491.1639,36
1602581491.1661,36
1602581491.1680,41
1602581491.1700,68
1602581491.1721,169
1602581491.1741,392
1602581491.1761,512
1602581491.1780,130
1602581491.1800,-480
1602581491.1821,-493
1602581491.1840,-73
1602581491.1861,58
1602581491.1881,22
1602581491.1900,83
1602581491.1921,107
1602581491.1940,76
1602581491.1948,85
1602581491.1970,103
1602581491.1991,100
1602581491.2011,98
1602581491.2030,98
1602581491.2050,93
1602581491.2070,95
1602581491.2091,103
1602581491.2111,100
1602581491.2131,105
1602581491.2150,115
1602581491.2170,112
1602581491.2190,112
1602581491.2211,122
1602581491.2230,132
1602581491.2251,134
1602581491.2257,142
1602581491.2270,149
1602581491.2290,147
1602581491.6320,139
1602581491.6326,134
1602581491.6341,137
1602581491.6360,139
1602581491.6380,137
1602581491.6400,130
1602581491.6421,120
1602581491.6440,107
1602581491.6460,107
1602581491.6480,100
1602581491.6500,80
1602581491.6521,71
1602581491.6528,66
1602581491.6551,49
1602581491.6570,34
1602581491.6590,36
1602581491.6611,41
1602581491.6630,29
1602581491.6650,17
1602581491.6670,24
1602581491.6691,29
1602581491.6711,24
1602581491.6730,22
1602581491.6750,22
1602581491.6770,24
1602581491.6790,24
1602581491.6811,29
1602581491.6831,34
1602581491.6838,26
1602581491.6860,24
1602581491.6880,31
1602581491.6900,46
1602581491.6921,63
1602581491.6940,66
1602581491.6960,53
1602581491.6980,44
1602581491.7000,41
1602581491.7021,36
1602581491.7041,29
1602581491.7061,29
1602581491.7080,29
1602581491.7100,29
1602581491.7121,31
1602581491.7140,34
1602581491.7147,39
1602581491.7160,53
1602581491.7180,186
1602581491.7200,456
1602581491.7221,534
1602581491.7240,29
1602581491.7260,-579
1602581491.7282,-461
1602581491.7301,-31
1602581491.7320,29
1602581491.7340,0
1602581491.7360,90
1602581491.7380,112
1602581491.7400,76
1602581491.7421,90
1602581491.7440,107
1602581491.7447,93
1602581491.7460,90
1602581491.7480,110
1602581491.7501,110
1602581491.7521,95
1602581491.7540,90
1602581491.7560,98
1602581491.7580,98
1602581491.7600,93
1602581491.7621,98
1602581491.7641,112
1602581491.7660,122
1602581491.7680,117
1602581492.2019,112
1602581492.2024,125
1602581492.2040,134
1602581492.2060,130
1602581492.2080,134
1602581492.2100,142
1602581492.2121,127
1602581492.2140,110
1602581492.2160,122
1602581492.2180,130
1602581492.2200,115
1602581492.2221,105
1602581492.2240,103
1602581492.2260,98
1602581492.2280,93
1602581492.2287,85
1602581492.2300,63
1602581492.2321,41
1602581492.2340,41
1602581492.2360,44
1602581492.2380,24
1602581492.2401,17
1602581492.2421,22
1602581492.2440,17
1602581492.2460,7
1602581492.2480,4
1602581492.2500,7
1602581492.2521,17
1602581492.2540,31
1602581492.2562,34
1602581492.2581,26
1602581492.2587,26
1602581492.2600,24
1602581492.2620,26
1602581492.2640,41
1602581492.2660,53
1602581492.2680,58
1602581492.2700,66
1602581492.2721,63
1602581492.2740,53
1602581492.2760,41
1602581492.2780,36
1602581492.2800,26
1602581492.2821,19
1602581492.2840,26
1602581492.2860,29
1602581492.2880,29
1602581492.2887,44
1602581492.2900,53
1602581492.2921,144
1602581492.2940,424
1602581492.2960,623
1602581492.2980,198
1602581492.3000,-549
1602581492.3021,-583
1602581492.3040,-90
1602581492.3060,41
1602581492.3080,-17
1602581492.3100,78
1602581492.3121,117
1602581492.3140,71
1602581492.3160,85
1602581492.3180,115
1602581492.3187,100
1602581492.3200,90
1602581492.3221,95
1602581492.3240,93
1602581492.3260,100
1602581492.3280,107
1602581492.3300,100
1602581492.3321,103
1602581492.3340,115
1602581492.3360,112
1602581492.7419,115
1602581492.7424,132
1602581492.7441,142
1602581492.7461,142
1602581492.7486,144
1602581492.7500,149
1602581492.7521,149
1602581492.7543,144
1602581492.7560,132
1602581492.7580,132
1602581492.7600,149
1602581492.7621,139
1602581492.7640,115
1602581492.7661,112
1602581492.7680,117
1602581492.7700,100
1602581492.7721,49
1602581492.7740,-36
1602581492.7760,-93
1602581492.7781,-22
1602581492.7800,122
1602581492.7821,235
1602581492.7840,238
1602581492.7860,144
1602581492.7880,112
1602581492.7901,134
1602581492.7921,56
1602581492.7941,-44
1602581492.7960,-22
1602581492.7980,2
1602581492.8001,-68
1602581492.8020,-100
1602581492.8040,2
1602581492.8060,132
1602581492.8080,51
1602581492.8100,-93
1602581492.8121,-9
1602581492.8140,105
1602581492.8160,149
1602581492.8180,164
1602581492.8200,76
1602581492.8221,4
1602581492.8240,24
1602581492.8260,12
1602581492.8281,-12
1602581492.8300,-41
1602581492.8321,-120
1602581492.8340,-193
1602581492.8360,-179
1602581492.8381,-44
1602581492.8400,142
1602581492.8421,397
1602581492.8440,615
1602581492.8460,299
1602581492.8480,-480
1602581492.8500,-723
1602581492.8520,-242
1602581492.8540,73
1602581492.8562,36
1602581492.8580,26
1602581492.8600,14
1602581492.8620,-51
1602581492.8640,-12
1602581492.8660,71
1602581492.8680,132
1602581492.8700,169
1602581492.8721,115
1602581492.8741,68
1602581492.8761,100
1602581492.8780,100
1602581492.8800,61
1602581492.8821,63
1602581492.8840,88
1602581493.3122,66
1602581493.3128,-2
1602581493.3141,-17
1602581493.3161,53
1602581493.3181,63
1602581493.3201,39
1602581493.3221,105
1602581493.3241,127
1602581493.3260,83
1602581493.3280,105
1602581493.3300,115
1602581493.3320,78
1602581493.3340,73
1602581493.3360,85
1602581493.3380,71
1602581493.3400,44
1602581493.3420,63
1602581493.3440,90
1602581493.3461,76
1602581493.3480,44
1602581493.3500,22
1602581493.3521,22
1602581493.3540,14
1602581493.3560,-22
1602581493.3580,-24
1602581493.3601,39
1602581493.3621,68
1602581493.3640,22
1602581493.3660,-7
1602581493.3680,4
1602581493.3700,2
1602581493.3721,-29
1602581493.3741,-49
1602581493.3761,17
1602581493.3780,134
1602581493.3800,139
1602581493.3822,78
1602581493.3840,63
1602581493.3860,41
1602581493.3880,12
1602581493.3900,14
1602581493.3920,22
1602581493.3940,7
1602581493.3960,9
1602581493.3980,29
1602581493.4000,26
1602581493.4021,49
1602581493.4040,193
1602581493.4060,444
1602581493.4080,542
1602581493.4100,139
1602581493.4120,-463
1602581493.4140,-485
1602581493.4160,-103
1602581493.4180,-19
1602581493.4200,-103
1602581493.4220,24
1602581493.4240,196
1602581493.4260,188
1602581493.4280,191
1602581493.4300,287
1602581493.4320,262
1602581493.4340,107
1602581493.4360,78
1602581493.4380,225
1602581493.4400,235
1602581493.4420,-4
1602581493.4440,-130
1602581493.4460,49
1602581493.4480,139
1602581493.4500,17
1602581493.4520,19
1602581493.4541,103
1602581493.9116,88
1602581493.9121,80
1602581493.9140,105
1602581493.9160,98
1602581493.9180,107
1602581493.9200,132
1602581493.9220,98
1602581493.9240,68
1602581493.9260,95
1602581493.9280,80
1602581493.9300,51
1602581493.9320,83
1602581493.9340,53
1602581493.9360,-14
1602581493.9382,71
1602581493.9400,117
1602581493.9420,-107
1602581493.9440,-225
1602581493.9460,-68
1602581493.9480,0
1602581493.9500,-17
1602581493.9520,-4
1602581493.9541,-26
1602581493.9560,-29
1602581493.9580,61
1602581493.9600,130
1602581493.9620,34
1602581493.9640,-4
1602581493.9660,-19
1602581493.9680,-193
1602581493.9700,-161
1602581493.9721,-12
1602581493.9740,-41
1602581493.9760,-24
1602581493.9780,39
1602581493.9800,-9
1602581493.9821,-66
1602581493.9841,-53
1602581493.9860,-53
1602581493.9880,-49
1602581493.9900,14
1602581493.9920,24
1602581493.9940,-46
1602581493.9960,-12
1602581493.9980,193
1602581494.0000,372
1602581494.0020,233
1602581494.0040,-267
1602581494.0060,-566
1602581494.0080,-304
1602581494.0100,-14
1602581494.0120,34
1602581494.0140,71
1602581494.0160,-14
1602581494.0180,-208
1602581494.0200,-176
1602581494.0220,36
1602581494.0239,122
1602581494.0260,12
1602581494.0280,-137
1602581494.0300,-166
1602581494.0320,-98
1602581494.0340,-2
1602581494.0360,93
1602581494.0380,112
1602581494.0401,29
1602581494.0438,-51
1602581494.0450,-34
1602581494.0470,-12
1602581494.0489,-36
1602581494.0510,-49
1602581494.0530,-49
1602581494.0550,-66
1602581494.4521,-71
1602581494.4549,-41
1602581494.4560,-17
1602581494.4579,-29
1602581494.4600,-76
1602581494.4620,-130
1602581494.4640,-120
1602581494.4660,-78
1602581494.4679,-120
1602581494.4700,-169
1602581494.4720,-147
1602581494.4740,-161
1602581494.4760,-181
1602581494.4780,-85
1602581494.4799,-4
1602581494.4821,-161
1602581494.4840,-375
1602581494.4847,-314
1602581494.4860,-174
1602581494.4880,-142
1602581494.4900,-107
1602581494.4920,-134
1602581494.4939,-198
1602581494.4960,-174
1602581494.4980,-157
1602581494.5000,-188
1602581494.5020,-203
1602581494.5040,-215
1602581494.5060,-240
1602581494.5079,-247
1602581494.5100,-252
1602581494.5120,-272
1602581494.5140,-274
1602581494.5147,-269
1602581494.5160,-274
1602581494.5180,-272
1602581494.5199,-264
1602581494.5220,-233
1602581494.5239,-107
1602581494.5260,51
1602581494.5280,-58
1602581494.5300,-525
1602581494.5320,-770
1602581494.5342,-517
1602581494.5360,-296
1602581494.5380,-299
1602581494.5400,-260
1602581494.5419,-213
1602581494.5440,-240
1602581494.5446,-247
1602581494.5460,-233
1602581494.5480,-240
1602581494.5500,-247
1602581494.5520,-247
1602581494.5539,-252
1602581494.5560,-245
1602581494.5580,-240
1602581494.5599,-252
1602581494.5620,-242
1602581494.5640,-215
1602581494.5660,-213
1602581494.5680,-225
1602581494.5699,-225
1602581494.5720,-208
1602581494.5740,-196
1602581494.5746,-193
1602581494.5760,-198
1602581494.5779,-213
1602581494.5800,-215
1602581494.5820,-203
1602581494.5840,-213
1602581494.5860,-240
1602581494.5879,-247
1602581495.0221,-250
1602581495.0226,-260
1602581495.0240,-269
1602581495.0259,-279
1602581495.0280,-279
1602581495.0286,-260
1602581495.0299,-242
1602581495.0320,-242
1602581495.0339,-252
1602581495.0359,-260
1602581495.0379,-260
1602581495.0400,-257
1602581495.0420,-252
1602581495.0439,-247
1602581495.0460,-240
1602581495.0479,-225
1602581495.0499,-211
1602581495.0520,-203
1602581495.0540,-206
1602581495.0559,-213
1602581495.0580,-220
1602581495.0589,-230
1602581495.0600,-240
1602581495.0620,-238
1602581495.0639,-238
1602581495.0659,-250
1602581495.0680,-245
1602581495.0701,-218
1602581495.0720,-218
1602581495.0740,-223
1602581495.0760,-105
1602581495.0779,179
1602581495.0800,304
1602581495.0819,-154
1602581495.0839,-794
1602581495.0859,-740
1602581495.0880,-299
1602581495.0886,-211
1602581495.0899,-240
1602581495.0919,-137
1602581495.0940,-112
1602581495.0960,-154
1602581495.0980,-144
1602581495.0999,-130
1602581495.1021,-134
1602581495.1040,-132
1602581495.1059,-125
1602581495.1080,-110
1602581495.1100,-105
1602581495.1120,-115
1602581495.1140,-115
1602581495.1159,-103
1602581495.1168,-93
1602581495.1189,-90
1602581495.1210,-88
1602581495.1230,-71
1602581495.1250,-58
1602581495.1269,-56
1602581495.1290,-46
1602581495.1310,-36
1602581495.1329,-39
1602581495.1350,-46
1602581495.1369,-49
1602581495.1390,-44
1602581495.1410,-51
1602581495.1429,-66
1602581495.1450,-71
1602581495.1470,-66
1602581495.1476,-66
1602581495.1490,-61
1602581495.1511,-56
1602581495.1530,-63
1602581495.1551,-73
1602581495.5921,-71
1602581495.5926,-68
1602581495.5940,-63
1602581495.5960,-61
1602581495.5980,-68
1602581495.5999,-71
1602581495.6020,-66
1602581495.6039,-58
1602581495.6060,-36
1602581495.6066,-31
1602581495.6080,-56
1602581495.6100,-56
1602581495.6120,-46
1602581495.6139,-68
1602581495.6160,-80
1602581495.6180,-66
1602581495.6200,-56
1602581495.6220,-49
1602581495.6239,-31
1602581495.6260,-29
1602581495.6280,-39
1602581495.6299,0
1602581495.6320,208
1602581495.6340,544
1602581495.6359,490
1602581495.6366,-257
1602581495.6379,-782
1602581495.6399,-390
1602581495.6420,9
1602581495.6439,-51
1602581495.6459,-31
1602581495.6479,73
1602581495.6499,46
1602581495.6520,24
1602581495.6539,56
1602581495.6560,53
1602581495.6579,46
1602581495.6600,68
1602581495.6621,76
1602581495.6639,66
1602581495.6659,76
1602581495.6668,88
1602581495.6689,90
1602581495.6710,95
1602581495.6729,103
1602581495.6750,112
1602581495.6769,125
1602581495.6790,120
1602581495.6811,115
1602581495.6830,137
1602581495.6851,147
1602581495.6870,139
1602581495.6889,144
1602581495.6911,152
1602581495.6930,139
1602581495.6949,122
1602581495.6969,120
1602581495.6976,117
1602581495.6990,117
1602581495.7010,115
1602581495.7029,107
1602581495.7049,112
1602581495.7069,127
1602581495.7090,125
1602581495.7110,115
1602581495.7130,117
1602581495.7149,127
1602581495.7169,125
1602581495.7189,115
1602581495.7210,122
1602581495.7230,132
1602581495.7249,127
1602581495.7269,127
1602581496.1016,144
1602581496.1021,157
1602581496.1040,152
1602581496.1059,147
1602581496.1079,144
1602581496.1099,132
1602581496.1120,125
1602581496.1139,130
1602581496.1159,132
1602581496.1180,127
1602581496.1199,125
1602581496.1220,122
1602581496.1239,125
1602581496.1259,211
1602581496.1266,498
1602581496.1279,782
1602581496.1299,444
1602581496.1320,-390
1602581496.1339,-566
1602581496.1360,-24
1602581496.1379,184
1602581496.1399,90
1602581496.1419,174
1602581496.1439,233
1602581496.1459,181
1602581496.1479,191
1602581496.1500,223
1602581496.1520,206
1602581496.1542,201
1602581496.1559,215
1602581496.1566,213
1602581496.1579,211
1602581496.1599,220
1602581496.1620,228
1602581496.1639,233
1602581496.1660,240
1602581496.1680,245
1602581496.1699,252
1602581496.1720,262
1602581496.1739,264
1602581496.1760,274
1602581496.1780,284
1602581496.1799,287
1602581496.1819,287
1602581496.1840,291
1602581496.1859,284
1602581496.1866,269
1602581496.1879,260
1602581496.1899,255
1602581496.1919,245
1602581496.1939,238
1602581496.1959,238
1602581496.1980,233
1602581496.1999,230
1602581496.2020,245
1602581496.2039,252
1602581496.2059,252
1602581496.2079,260
1602581496.2099,264
1602581496.2119,257
1602581496.2139,260
1602581496.2159,264
1602581496.2166,264
1602581496.2179,267
1602581496.2199,274
1602581496.2219,277
1602581496.2239,287
1602581496.2259,294
1602581496.2279,294
1602581496.2299,279
1602581496.2320,262
1602581496.2339,247
1602581496.2359,245
1602581496.6717,255
1602581496.6722,269
1602581496.6740,267
1602581496.6759,257
1602581496.6766,267
1602581496.6779,417
1602581496.6801,782
1602581496.6820,1023
1602581496.6839,539
1602581496.6859,-341
1602581496.6879,-422
1602581496.6899,122
1602581496.6919,264
1602581496.6939,230
1602581496.6959,304
1602581496.6979,304
1602581496.6999,363
1602581496.7020,365
1602581496.7040,235
1602581496.7059,218
1602581496.7066,206
1602581496.7080,164
1602581496.7100,176
1602581496.7120,149
1602581496.7140,235
1602581496.7159,363
1602581496.7180,414
1602581496.7199,414
1602581496.7220,287
1602581496.7239,262
1602581496.7259,387
1602581496.7279,316
1602581496.7299,228
1602581496.7320,429
1602581496.7339,468
1602581496.7359,95
1602581496.7366,39
1602581496.7379,385
1602581496.7399,264
1602581496.7419,-90
1602581496.7439,71
1602581496.7459,311
1602581496.7480,98
1602581496.7500,-80
1602581496.7519,80
1602581496.7539,130
1602581496.7559,-49
1602581496.7579,-157
1602581496.7599,-105
1602581496.7619,31
1602581496.7639,-71
1602581496.7659,-294
1602581496.7666,-98
1602581496.7679,-31
1602581496.7699,-451
1602581496.7720,-456
1602581496.7739,-147
1602581496.7760,-282
1602581496.7780,-399
1602581496.7800,-41
1602581496.7820,112
1602581496.7839,-225
1602581496.7859,-311
1602581496.7879,-184
1602581496.7899,-179
1602581496.7919,24
1602581496.7939,98
1602581496.7959,-176
1602581496.7966,-152
1602581496.7979,250
1602581496.7999,363
1602581496.8020,414
1602581496.8039,650
1602581497.2717,257
1602581497.2722,-299
1602581497.2739,-49
1602581497.2759,316
1602581497.2779,311
1602581497.2799,252
1602581497.2820,181
1602581497.2826,61
1602581497.2839,-110
1602581497.2859,-255
1602581497.2879,-228
1602581497.2899,-44
1602581497.2919,179
1602581497.2939,380
1602581497.2959,608
1602581497.2979,839
1602581497.2999,952
1602581497.3020,1023
1602581497.3040,1167
1602581497.3059,1236
1602581497.3080,1153
1602581497.3099,1138
1602581497.3120,1167
1602581497.3126,1160
1602581497.3139,1216
1602581497.3159,1192
1602581497.3179,1143
1602581497.3200,1079
1602581497.3220,907
1602581497.3239,925
1602581497.3259,1089
1602581497.3279,1224
1602581497.3299,1270
1602581497.3319,1037
1602581497.3339,844
1602581497.3361,893
1602581497.3379,834
1602581497.3399,767
1602581497.3419,868
1602581497.3427,927
1602581497.3439,905
1602581497.3459,898
1602581497.3479,915
1602581497.3499,978
1602581497.3520,996
1602581497.3539,893
1602581497.3559,821
1602581497.3579,792
1602581497.3599,687
1602581497.3619,635
1602581497.3639,696
1602581497.3659,728
1602581497.3680,664
1602581497.3699,696
1602581497.3720,900
1602581497.3726,821
1602581497.3739,505
1602581497.3759,556
1602581497.3779,684
1602581497.3799,500
1602581497.3819,463
1602581497.3839,780
1602581497.3859,763
1602581497.3879,252
1602581497.3899,127
1602581497.3919,444
1602581497.3939,529
1602581497.3959,473
1602581497.3979,515
1602581497.3999,507
1602581497.4019,463
1602581497.4025,488
1602581497.4039,510
1602581497.8122,480
1602581497.8127,458
1602581497.8139,453
1602581497.8159,444
1602581497.8179,456
1602581497.8199,463
1602581497.8220,424
1602581497.8239,377
1602581497.8259,358
1602581497.8279,360
1602581497.8299,368
1602581497.8319,390
1602581497.8339,399
1602581497.8348,365
1602581497.8360,387
1602581497.8379,527
1602581497.8399,625
1602581497.8419,507
1602581497.8439,235
1602581497.8459,164
1602581497.8479,215
1602581497.8499,125
1602581497.8519,98
1602581497.8539,225
1602581497.8559,365
1602581497.8579,242
1602581497.8600,24
1602581497.8619,203
1602581497.8639,375
1602581497.8646,196
1602581497.8659,147
1602581497.8679,269
1602581497.8699,257
1602581497.8720,235
1602581497.8739,289
1602581497.8759,299
1602581497.8779,282
1602581497.8799,294
1602581497.8819,294
1602581497.8839,277
1602581497.8860,284
1602581497.8879,326
1602581497.8899,321
1602581497.8919,245
1602581497.8939,211
1602581497.8946,144
1602581497.8959,73
1602581497.8979,196
1602581497.8999,360
1602581497.9020,424
1602581497.9039,387
1602581497.9059,90
1602581497.9080,-220
1602581497.9099,-78
1602581497.9119,179
1602581497.9139,211
1602581497.9159,208
1602581497.9179,56
1602581497.9199,-90
1602581497.9219,83
1602581497.9239,193
1602581497.9246,19
1602581497.9259,-4
1602581497.9279,203
1602581497.9300,235
1602581497.9319,58
1602581497.9339,78
1602581497.9359,213
1602581497.9379,80
1602581497.9399,-26
1602581497.9419,78
1602581497.9439,90
1602581497.9459,34
1602581498.3821,56
1602581498.3830,61
1602581498.3849,49
1602581498.3869,83
1602581498.3889,103
1602581498.3910,88
1602581498.3929,19
1602581498.3949,-88
1602581498.3969,-68
1602581498.3989,14
1602581498.4009,-12
1602581498.4029,-85
1602581498.4049,-105
1602581498.4069,-68
1602581498.4089,-51
1602581498.4109,-4
1602581498.4129,179
1602581498.4136,235
1602581498.4149,31
1602581498.4169,-154
1602581498.4189,-98
1602581498.4210,159
1602581498.4229,63
1602581498.4249,-345
1602581498.4269,-157
1602581498.4289,296
1602581498.4310,95
1602581498.4329,-228
1602581498.4349,-73
1602581498.4369,93
1602581498.4388,17
1602581498.4409,-22
1602581498.4429,-39
1602581498.4436,-73
1602581498.4449,-39
1602581498.4469,-19
1602581498.4489,-24
1602581498.4509,56
1602581498.4529,203
1602581498.4549,230
1602581498.4569,-24
1602581498.4589,-301
1602581498.4611,-262
1602581498.4629,-161
1602581498.4649,-159
1602581498.4669,-73
1602581498.4689,4
1602581498.4709,4
1602581498.4729,-29
1602581498.4735,-122
1602581498.4749,-90
1602581498.4769,68
1602581498.4789,147
1602581498.4810,171
1602581498.4829,100
1602581498.4849,-63
1602581498.4869,-73
1602581498.4889,-29
1602581498.4910,-34
1602581498.4929,-46
1602581498.4949,-159
1602581498.4969,-73
1602581498.4989,80
1602581498.5010,-44
1602581498.5029,-51
1602581498.5036,36
1602581498.5049,-110
1602581498.5069,-127
1602581498.5089,83
1602581498.5109,46
1602581498.5129,-149
1602581498.5149,-88
1602581498.5169,22
1602581498.9223,-58
1602581498.9228,-68
1602581498.9239,4
1602581498.9259,-26
1602581498.9279,-66
1602581498.9285,-41
1602581498.9298,-24
1602581498.9319,-19
1602581498.9339,-22
1602581498.9359,-36
1602581498.9379,22
1602581498.9399,98
1602581498.9419,-19
1602581498.9439,-157
1602581498.9459,-73
1602581498.9479,-17
1602581498.9499,-61
1602581498.9520,-125
1602581498.9539,-169
1602581498.9559,-63
1602581498.9568,53
1602581498.9589,83
1602581498.9610,73
1602581498.9629,26
1602581498.9649,-31
1602581498.9670,-78
1602581498.9689,58
1602581498.9709,186
1602581498.9729,-105
1602581498.9749,-458
1602581498.9769,-392
1602581498.9789,-56
1602581498.9810,112
1602581498.9829,-36
1602581498.9849,-88
1602581498.9869,56
1602581498.9876,19
1602581498.9890,-76
1602581498.9910,22
1602581498.9929,80
1602581498.9949,14
1602581498.9969,36
1602581498.9989,88
1602581499.0009,49
1602581499.0029,29
1602581499.0049,58
1602581499.0069,51
1602581499.0089,34
1602581499.0109,76
1602581499.0129,107
1602581499.0149,-7
1602581499.0158,-144
1602581499.0179,-130
1602581499.0198,-115
1602581499.0219,-93
1602581499.0239,-14
1602581499.0259,-90
1602581499.0279,-161
1602581499.0299,14
1602581499.0319,149
1602581499.0339,-7
1602581499.0359,-149
1602581499.0379,-36
1602581499.0399,51
1602581499.0419,-130
1602581499.0439,-235
1602581499.0459,80
1602581499.0465,134
1602581499.0479,-279
1602581499.0499,-166
1602581499.0519,223
1602581499.0540,-36
1602581499.0559,-372
1602581499.4921,-164
1602581499.4932,26
1602581499.4949,-46
1602581499.4968,-53
1602581499.4988,-34
1602581499.5010,-61
1602581499.5029,-63
1602581499.5049,-115
1602581499.5068,-377
1602581499.5089,-875
1602581499.5094,-1219
1602581499.5109,-1199
1602581499.5129,-1086
1602581499.5149,-912
1602581499.5169,-679
1602581499.5188,-640
1602581499.5209,-925
1602581499.5228,-1307
1602581499.5248,-1324
1602581499.5269,-1032
1602581499.5289,-878
1602581499.5309,-883
1602581499.5329,-848
1602581499.5349,-792
1602581499.5368,-723
1602581499.5389,-647
1602581499.5395,-647
1602581499.5410,-755
1602581499.5429,-871
1602581499.5448,-883
1602581499.5468,-907
1602581499.5488,-1003
1602581499.5510,-1008
1602581499.5529,-939
1602581499.5549,-873
1602581499.5569,-721
1602581499.5589,-502
1602581499.5610,-365
1602581499.5629,-331
1602581499.5649,-274
1602581499.5669,-193
1602581499.5689,-139
1602581499.5695,-80
1602581499.5710,-26
1602581499.5729,-14
1602581499.5749,-12
1602581499.5769,-9
1602581499.5789,-14
1602581499.5809,-17
1602581499.5830,-14
1602581499.5849,-9
1602581499.5869,-2
1602581499.5889,14
1602581499.5910,49
1602581499.5928,83
1602581499.5948,110
1602581499.5968,127
1602581499.5989,132
1602581499.5995,120
1602581499.6009,107
1602581499.6029,105
1602581499.6048,122
1602581499.6069,137
1602581499.6088,132
1602581499.6109,112
1602581499.6129,80
1602581499.6148,73
1602581499.6169,110
1602581499.6189,107
1602581499.6209,66
1602581499.6228,61
1602581499.6249,68
1602581499.6268,61
1602581500.0317,134
1602581500.0322,350
1602581500.0338,483
1602581500.0358,186
1602581500.0379,-355
1602581500.0398,-449
1602581500.0419,-83
1602581500.0439,105
1602581500.0458,83
1602581500.0478,120
1602581500.0498,152
1602581500.0519,149
1602581500.0539,171
1602581500.0558,188
1602581500.0568,181
1602581500.0589,181
1602581500.0610,186
1602581500.0629,193
1602581500.0648,211
1602581500.0669,233
1602581500.0689,242
1602581500.0709,245
1602581500.0729,250
1602581500.0749,252
1602581500.0769,257
1602581500.0789,264
1602581500.0810,269
1602581500.0830,282
1602581500.0849,294
1602581500.0869,284
1602581500.0874,269
1602581500.0889,262
1602581500.0910,252
1602581500.0929,242
1602581500.0948,233
1602581500.0968,225
1602581500.0988,225
1602581500.1009,228
1602581500.1029,228
1602581500.1049,240
1602581500.1068,264
1602581500.1088,284
1602581500.1110,304
1602581500.1129,338
1602581500.1149,363
1602581500.1168,368
1602581500.1250,370
1602581500.1268,377
1602581500.1288,385
1602581500.1309,387
1602581500.1328,377
1602581500.1349,350
1602581500.1369,318
1602581500.1389,304
1602581500.1410,296
1602581500.1428,284
1602581500.1449,274
1602581500.1468,269
1602581500.1488,274
1602581500.1509,284
1602581500.1528,353
1602581500.1534,552
1602581500.1548,657
1602581500.1568,287
1602581500.1589,-274
1602581500.1609,-260
1602581500.1628,152
1602581500.1649,262
1602581500.1668,201
1602581500.1688,252
1602581500.1709,272
1602581500.1728,242
1602581500.1749,257