time,gsr
1.601642370007900000e+09,3.850973192122181672e+02
1.601642370097700119e+09,3.851298143635037263e+02
1.601642370187700033e+09,3.851617518804992528e+02
1.601642370307800055e+09,3.851931317632048604e+02
1.601642370397700071e+09,3.852239540116204353e+02
1.601642370517600060e+09,3.852542186257460344e+02
1.601642370637799978e+09,3.852839256055816577e+02
1.601642370727600098e+09,3.853130749511273052e+02
1.601642370847500086e+09,3.853416666623829201e+02
1.601642370937000036e+09,3.853697007393486160e+02
1.601642371057499886e+09,3.853971771820242793e+02
1.601642371210700035e+09,3.854240959904099668e+02
1.601642371267499924e+09,3.854504571645056785e+02
1.601642371387500048e+09,3.854762607043114144e+02
1.601642371507400036e+09,3.855015066098271177e+02
1.601642371597500086e+09,3.855261948810529020e+02
1.601642371717499971e+09,3.855503255179886537e+02
1.601642371807399988e+09,3.855738985206344296e+02
1.601642371926899910e+09,3.855969138889902297e+02
1.601642372046799898e+09,3.856193716230560540e+02
1.601642372136800051e+09,3.856412717228319025e+02
1.601642372256799936e+09,3.856626141883177183e+02
1.601642372346800089e+09,3.856833990195135584e+02
1.601642372466900110e+09,3.857036262164194795e+02
1.601642372586999893e+09,3.857232957790353680e+02
1.601642372758300066e+09,3.857424077073612239e+02
1.601642372796799898e+09,3.857609620013971607e+02
1.601642372886800051e+09,3.857789586611431218e+02
1.601642373006700039e+09,3.857963976865990503e+02
1.601642373126699924e+09,3.858132790777650030e+02
1.601642373298799992e+09,3.858296028346409798e+02
1.601642373336600065e+09,3.858453689572269809e+02
1.601642373426599979e+09,3.858605774455230062e+02
1.601642373546600103e+09,3.858752282995289988e+02
1.601642373666599989e+09,3.858893215192450157e+02
1.601642373868599892e+09,3.859028571046711136e+02
1.601642373876600027e+09,3.859158350558071788e+02
1.601642373996599913e+09,3.859282553726532115e+02
1.601642374086600065e+09,3.859401180552093251e+02
1.601642374206599951e+09,3.859514231034754630e+02
1.601642374408299923e+09,3.859621705174515682e+02
1.601642374416599989e+09,3.859723602971376977e+02
1.601642374536499977e+09,3.859819924425338513e+02
1.601642374626499891e+09,3.859910669536400292e+02
1.601642374746599913e+09,3.859995838304562312e+02
1.601642374978699923e+09,3.860075430729824006e+02
1.601642374979199886e+09,3.860149446812186511e+02
1.601642375076499939e+09,3.860217886551648689e+02
1.601642375166599989e+09,3.860280749948211110e+02
1.601642375286499977e+09,3.860338037001873772e+02
1.601642375376600027e+09,3.860389747712082453e+02
1.601642375546700001e+09,3.860500292747168487e+02
1.601642375616499901e+09,3.860743258791345625e+02
1.601642375706500053e+09,3.860977631743203915e+02
1.601642375826499939e+09,3.861203702894008529e+02
1.601642375946599960e+09,3.861265747933463786e+02
1.601642376116699934e+09,3.861305072254245374e+02
1.601642376156500101e+09,3.861321675856353295e+02
1.601642376246500015e+09,3.861315558739786979e+02
1.601642376366600037e+09,3.861286720904547565e+02
1.601642376486500025e+09,3.861235162350633345e+02
1.601642376687999964e+09,3.861160883078046027e+02
1.601642376696399927e+09,3.861063883086785040e+02
1.601642376786400080e+09,3.860944162376849818e+02
1.601642376906500101e+09,3.860957736549801211e+02
1.601642377026499987e+09,3.860807575902668418e+02
1.601642377251499891e+09,3.860634985828127128e+02
1.601642377252000093e+09,3.860595981927737057e+02
1.601642377326400042e+09,3.860549550100088254e+02
1.601642377446399927e+09,3.860339966034885606e+02
1.601642377566499949e+09,3.860108535124804234e+02
1.601642377790299892e+09,3.860011272971404424e+02
1.601642377790999889e+09,3.859907165473276223e+02
1.601642377896399975e+09,3.859796503921684234e+02
1.601642377986399889e+09,3.859679579607893629e+02
1.601642378106499910e+09,3.859556683823169578e+02
1.601642378327600002e+09,3.859272092257216968e+02
1.601642378328099966e+09,3.858967110302710353e+02
1.601642378436399937e+09,3.858797753561211152e+02
1.601642378526400089e+09,3.858623007931308280e+02
1.601642378646500111e+09,3.858443164704267474e+02
1.601642378908099890e+09,3.858258515171353338e+02
1.601642378908600092e+09,3.858069350623829905e+02
1.601642378976399899e+09,3.857875962352964052e+02
1.601642379066400051e+09,3.857678641650020381e+02
1.601642379186399937e+09,3.857477679806262927e+02
1.601642379276499987e+09,3.857414673505632550e+02
1.601642379508399963e+09,3.857192884336424754e+02
1.601642379516400099e+09,3.856968619191463290e+02
1.601642379606400013e+09,3.856883474754690155e+02
1.601642379726399899e+09,3.856640712614398581e+02
1.601642379816400051e+09,3.856537945056089143e+02
1.601642380047699928e+09,3.856419739060732468e+02
1.601642380056299925e+09,3.856286677210857761e+02
1.601642380146399975e+09,3.856139342088995932e+02
1.601642380266299963e+09,3.855978316277676754e+02
1.601642380386399984e+09,3.855804182359431707e+02
1.601642380587899923e+09,3.855617522916788857e+02
1.601642380596299887e+09,3.855418920532278548e+02
1.601642380686300039e+09,3.855208957788430553e+02
1.601642380806299925e+09,3.854988217267776918e+02
1.601642380926399946e+09,3.854757281552846280e+02
1.601642381158099890e+09,3.854516733226168981e+02
1.601642381158600092e+09,3.854267154870275363e+02
1.601642381226300001e+09,3.854009129067694630e+02
1.601642381346299887e+09,3.853743238400958262e+02
1.601642381466300011e+09,3.853470065452595463e+02
1.601642381698299885e+09,3.853190192805136576e+02
1.601642381698800087e+09,3.852904203041110804e+02
1.601642381766299963e+09,3.852612678743050765e+02
1.601642381886300087e+09,3.852316202493483388e+02
1.601642382006400108e+09,3.852015356874941290e+02
1.601642382096400023e+09,3.851710724469953675e+02
1.601642382268399954e+09,3.851402887861049749e+02
1.601642382336299896e+09,3.851092429630760989e+02
1.601642382426300049e+09,3.850779932361616602e+02
1.601642382546299934e+09,3.850465978636146929e+02
1.601642382636399984e+09,3.850151151036882311e+02
1.601642382868200064e+09,3.849836032146353091e+02
1.601642382876300097e+09,3.849521204547087336e+02
1.601642382966300011e+09,3.849207250821618800e+02
1.601642383086299896e+09,3.848894753552474413e+02
1.601642383176300049e+09,3.848725600714859638e+02
1.601642383405999899e+09,3.848403345188336289e+02
1.601642383416300058e+09,3.848084585156993853e+02
1.601642383506299973e+09,3.847769903203361537e+02
1.601642383626300097e+09,3.847459881909969681e+02
1.601642383716599941e+09,3.847155103859349765e+02
1.601642383974699974e+09,3.846856151634029857e+02
1.601642383975199938e+09,3.846563607816540298e+02
1.601642384046299934e+09,3.846419360382088826e+02
1.601642384166399956e+09,3.846126962210233842e+02
1.601642384256200075e+09,3.845984316877738820e+02
1.601642384514600039e+09,3.845694977264165573e+02
1.601642384515100002e+09,3.845415541553603589e+02
1.601642384586299896e+09,3.845287897721259469e+02
1.601642384706199884e+09,3.845156904039366736e+02
1.601642384826299906e+09,3.844882128989046350e+02
1.601642384916399956e+09,3.844761476147062922e+02
1.601642385080699921e+09,3.844639803785652248e+02
1.601642385126300097e+09,3.844517985778609273e+02
1.601642385246200085e+09,3.844396895999727803e+02
1.601642385366199970e+09,3.844277408322805059e+02
1.601642385456399918e+09,3.844160396621634845e+02
1.601642385626499891e+09,3.844046734770012108e+02
1.601642385666199923e+09,3.843937296641734065e+02
1.601642385786299944e+09,3.843832956110593386e+02
1.601642385906199932e+09,3.843578571448825869e+02
1.601642385996299982e+09,3.843316030631638114e+02
1.601642386228199959e+09,3.843045916241558189e+02
1.601642386228699923e+09,3.842924826462676720e+02
1.601642386326200008e+09,3.842656314174555519e+02
1.601642386446199894e+09,3.842382267352397776e+02
1.601642386536299944e+09,3.842103268578733832e+02
1.601642386798300028e+09,3.841819900436094031e+02
1.601642386798799992e+09,3.841532745507009849e+02
1.601642386866199970e+09,3.841242386374009357e+02
1.601642386986299992e+09,3.840949405619622894e+02
1.601642387076299906e+09,3.840654385826381940e+02
1.601642387339200020e+09,3.840357909576814563e+02
1.601642387339600086e+09,3.840060559453452242e+02
1.601642387406199932e+09,3.839762918038826456e+02
1.601642387526200056e+09,3.839465567915464135e+02
1.601642387616199970e+09,3.839169091665897895e+02
1.601642387878099918e+09,3.838874071872655804e+02
1.601642387878700018e+09,3.838581091118270479e+02
1.601642387946199894e+09,3.838432037377945107e+02
1.601642388066099882e+09,3.838271768923915488e+02
1.601642388156199932e+09,3.838101159629975427e+02
1.601642388276200056e+09,3.837921083369923281e+02
1.601642388446399927e+09,3.837732414017550582e+02
1.601642388516299963e+09,3.837536025446655685e+02
1.601642388606199980e+09,3.837332791531030125e+02
1.601642388726200104e+09,3.837264891537147378e+02
1.601642388816400051e+09,3.837177475028505569e+02
1.601642388985800028e+09,3.837071707170167656e+02
1.601642389026200056e+09,3.836948753127189775e+02
1.601642389146199942e+09,3.836809778064636021e+02
1.601642389266200066e+09,3.836797252540238787e+02
1.601642389356199980e+09,3.836756617408764782e+02
1.601642389587699890e+09,3.836689329126537586e+02
1.601642389588200092e+09,3.836596844149885897e+02
1.601642389686199903e+09,3.836480618935130451e+02
1.601642389806099892e+09,3.836342109938600515e+02
1.601642389896199942e+09,3.836324079009293655e+02
1.601642390153100014e+09,3.836272258293241180e+02
1.601642390153599977e+09,3.836188395538033546e+02
1.601642390226099968e+09,3.835918222889700928e+02
1.601642390346199989e+09,3.835901823191478570e+02
1.601642390436199903e+09,3.835843914487987263e+02
1.601642390688899994e+09,3.835590520216521213e+02
1.601642390689399958e+09,3.835440709118906284e+02
1.601642390766099930e+09,3.835099199239762697e+02
1.601642390886100054e+09,3.834709043719356600e+02
1.601642390976200104e+09,3.834271990305276745e+02
1.601642391096199989e+09,3.833789786745115293e+02
1.601642391291199923e+09,3.833405486179136687e+02
1.601642391306099892e+09,3.832965112044636271e+02
1.601642391426100016e+09,3.832470703380468535e+02
1.601642391516099930e+09,3.831924299225490245e+02
1.601642391636199951e+09,3.831327938618555891e+02
1.601642391803299904e+09,3.830683660598521101e+02
1.601642391846199989e+09,3.829993504204240935e+02
1.601642391966200113e+09,3.829259508474570453e+02
1.601642392056200027e+09,3.828625017841041540e+02
1.601642392176199913e+09,3.827936347032213575e+02
1.601642392375600100e+09,3.827195826378206220e+02
1.601642392386100054e+09,3.826405786209140842e+02
1.601642392506200075e+09,3.825568556855137672e+02
1.601642392596199989e+09,3.824686468646316939e+02
1.601642392716099977e+09,3.823761851912798875e+02
1.601642392976900101e+09,3.822938342377379399e+02
1.601642392977499962e+09,3.822062546059884198e+02
1.601642393046099901e+09,3.821137084581697536e+02
1.601642393166100025e+09,3.820164579564206520e+02
1.601642393256099939e+09,3.819147652628794276e+02
1.601642393517499924e+09,3.818088925396847912e+02
1.601642393518100023e+09,3.816991019489752262e+02
1.601642393586100101e+09,3.815856556528892725e+02
1.601642393706099987e+09,3.814688158135655840e+02
1.601642393796099901e+09,3.813488445931425304e+02
1.601642394058000088e+09,3.812260041537588222e+02
1.601642394058500051e+09,3.811005566575529429e+02
1.601642394126100063e+09,3.809571627065072903e+02
1.601642394246200085e+09,3.808257874330576556e+02
1.601642394336100101e+09,3.807066929993424083e+02
1.601642394456099987e+09,3.805845691364707477e+02
1.601642394626199961e+09,3.804455765964400484e+02
1.601642394665999889e+09,3.803197096408123912e+02
1.601642394786099911e+09,3.801916580006970321e+02
1.601642394876100063e+09,3.800617129673588579e+02
1.601642394996099949e+09,3.799145642719067837e+02
1.601642395166300058e+09,3.797802061759030039e+02
1.601642395206000090e+09,3.796291978711891488e+02
1.601642395326100111e+09,3.794915336193270150e+02
1.601642395416100025e+09,3.793533741723143748e+02
1.601642395536200047e+09,3.791994092612601435e+02
1.601642395737799883e+09,3.790440315875704869e+02
1.601642395746000051e+09,3.789031048735398599e+02
1.601642395866100073e+09,3.787471883110098361e+02
1.601642395956099987e+09,3.785906746013864677e+02
1.601642396076100111e+09,3.784338259068083516e+02
1.601642396339499950e+09,3.782769043894139145e+02
1.601642396339999914e+09,3.781201722113418100e+02
1.601642396405999899e+09,3.779638915347304646e+02
1.601642396496000051e+09,3.778224550609859875e+02
1.601642396615999937e+09,3.776805525212174075e+02
1.601642396870500088e+09,3.775384752066898955e+02
1.601642396871000051e+09,3.773965144086683949e+02
1.601642396946099997e+09,3.772690919576854753e+02
1.601642397036200047e+09,3.771409267139766825e+02
1.601642397156199932e+09,3.770123390979335340e+02
1.601642397276200056e+09,3.768836495299476042e+02
1.601642397442399979e+09,3.767551784304104672e+02
1.601642397486200094e+09,3.766272462197136974e+02
1.601642397607199907e+09,3.765001733182488692e+02
1.601642397696099997e+09,3.763742801464073864e+02
1.601642397816200018e+09,3.762498871245808800e+02
1.601642397988399982e+09,3.761273146731609813e+02
1.601642398026099920e+09,3.760068832125392078e+02
1.601642398146199942e+09,3.758889131631071336e+02
1.601642398236099958e+09,3.757737249452562196e+02
1.601642398356199980e+09,3.756757695186456658e+02
1.601642398555799961e+09,3.755797948726373079e+02
1.601642398595999956e+09,3.754861505567494078e+02
1.601642398686000109e+09,3.753951861205000569e+02
1.601642398776099920e+09,3.753072511134071192e+02
1.601642398896100044e+09,3.752070935248326577e+02
1.601642399097800016e+09,3.751091643144359296e+02
1.601642399105999947e+09,3.750279144418758506e+02
1.601642399256099939e+09,3.749480918965145975e+02
1.601642399316099882e+09,3.748700462278701480e+02
1.601642399436100006e+09,3.747941269854603661e+02
1.601642399556200027e+09,3.747206837188037412e+02
1.601642399726599932e+09,3.746344644172618814e+02
1.601642399766099930e+09,3.745499200404941007e+02
1.601642399855999947e+09,3.744673710088919734e+02
1.601642399976099968e+09,3.743871377428469600e+02
1.601642400096199989e+09,3.743095406627505781e+02
1.601642400256099939e+09,3.742192986288385441e+02
1.601642400307100058e+09,3.741449640109106554e+02
1.601642400395999908e+09,3.740571251299352298e+02
1.601642400516099930e+09,3.739716748373331825e+02
1.601642400635999918e+09,3.738889044243695139e+02
1.601642400796799898e+09,3.738091051823093380e+02
1.601642400845999956e+09,3.737169668422617406e+02
1.601642400936100006e+09,3.736268821056327738e+02
1.601642401055999994e+09,3.735391131345609210e+02
1.601642401176000118e+09,3.734539220911846655e+02
1.601642401336800098e+09,3.733559695774867464e+02
1.601642401385999918e+09,3.732596191657466420e+02
1.601642401476000071e+09,3.731651038889762617e+02
1.601642401595999956e+09,3.730726567801877422e+02
1.601642401716000080e+09,3.729825108723931066e+02
1.601642401909300089e+09,3.728948991986043211e+02
1.601642401926199913e+09,3.728100547918335792e+02
1.601642402046099901e+09,3.727282106850927903e+02
1.601642402135999918e+09,3.726339983512381195e+02
1.601642402256000042e+09,3.725417522334224145e+02
1.601642402481400013e+09,3.724516762355313517e+02
1.601642402482000113e+09,3.723639742614504939e+02
1.601642402586100101e+09,3.722788502150652334e+02
1.601642402676000118e+09,3.721965080002613036e+02
1.601642402796099901e+09,3.721171515209240397e+02
1.601642403050100088e+09,3.720409846809390615e+02
1.601642403050600052e+09,3.719384792847683912e+02
1.601642403125999928e+09,3.718536436167356101e+02
1.601642403216000080e+09,3.717710508914436787e+02
1.601642403335999966e+09,3.716908758836516427e+02
1.601642403456099987e+09,3.715991628288510356e+02
1.601642403651200056e+09,3.715116589328303576e+02
1.601642403665999889e+09,3.714285098412221373e+02
1.601642403756000042e+09,3.713342596395029886e+02
1.601642403907200098e+09,3.712431553834463216e+02
1.601642403996200085e+09,3.711553135895582045e+02
1.601642404156800032e+09,3.710708507743446489e+02
1.601642404205899954e+09,3.709898834543116664e+02
1.601642404296000004e+09,3.709125281459653252e+02
1.601642404415899992e+09,3.708389013658115232e+02
1.601642404565999985e+09,3.707691196303564425e+02
1.601642404727200031e+09,3.707032994561060377e+02
1.601642404745899916e+09,3.706415573595663773e+02
1.601642404835900068e+09,3.705840098572432453e+02
1.601642404956000090e+09,3.705307734656429375e+02
1.601642405075999975e+09,3.704819647012714086e+02
1.601642405270100117e+09,3.704377000806346132e+02
1.601642405286000013e+09,3.703683640208149654e+02
1.601642405375999928e+09,3.703037468794891538e+02
1.601642405496000051e+09,3.702736390143337530e+02
1.601642405615999937e+09,3.702186927430075798e+02
1.601642405839699984e+09,3.701686984231872657e+02
1.601642405840199947e+09,3.701237143131258449e+02
1.601642405915899992e+09,3.700837986710761811e+02
1.601642406036000013e+09,3.700490097552914222e+02
1.601642406155999899e+09,3.700194058240244885e+02
1.601642406246000051e+09,3.699950451355284713e+02
1.601642406439300060e+09,3.699759859480564046e+02
1.601642406486000061e+09,3.699622865198610953e+02
1.601642406575900078e+09,3.699540051091958048e+02
1.601642406695899963e+09,3.699511999743133401e+02
1.601642406785900116e+09,3.699539293734668490e+02
1.601642406979199886e+09,3.699622515649092520e+02
1.601642407026000023e+09,3.699762248068936970e+02
1.601642407115999937e+09,3.699959073576729907e+02
1.601642407235899925e+09,3.700213574755003947e+02
1.601642407325900078e+09,3.700385028793610900e+02
1.601642407549599886e+09,3.700473726983817642e+02
1.601642407565999985e+09,3.700620974718300431e+02
1.601642407655900002e+09,3.700826771997058131e+02
1.601642407776000023e+09,3.701091118820088468e+02
1.601642407865999937e+09,3.701257999585835705e+02
1.601642408092700005e+09,3.701468428395706951e+02
1.601642408105900049e+09,3.701722113958438740e+02
1.601642408195899963e+09,3.702018764982763628e+02
1.601642408315900087e+09,3.702358090177419285e+02
1.601642408436000109e+09,3.702739798251138836e+02
1.601642408629600048e+09,3.703163597912658247e+02
1.601642408645900011e+09,3.703629197870712346e+02
1.601642408735899925e+09,3.704136306834035395e+02
1.601642408855900049e+09,3.704684633511363359e+02
1.601642408976000071e+09,3.705273886611431067e+02
1.601642409199700117e+09,3.705903774842972780e+02
1.601642409200200081e+09,3.706574006914722759e+02
1.601642409276000023e+09,3.707128275933857822e+02
1.601642409395900011e+09,3.707707304710522749e+02
1.601642409516000032e+09,3.708310510662186061e+02
1.601642409605999947e+09,3.708937311206317418e+02
1.601642409800299883e+09,3.709445818367713628e+02
1.601642409815900087e+09,3.709991173874137758e+02
1.601642409935899973e+09,3.710713809244471122e+02
1.601642410055900097e+09,3.711159805300386552e+02
1.601642410145900011e+09,3.711625317871061043e+02
1.601642410378200054e+09,3.712109181791433912e+02
1.601642410385900021e+09,3.712610231896444475e+02
1.601642410475899935e+09,3.713127303021031480e+02
1.601642410595900059e+09,3.713659230000138223e+02
1.601642410685899973e+09,3.714204847668700609e+02
1.601642410909199953e+09,3.714762990861660796e+02
1.601642410925899982e+09,3.715332494413957534e+02
1.601642411015899897e+09,3.715912193160531274e+02
1.601642411135900021e+09,3.716500921936321333e+02
1.601642411225899935e+09,3.716941499974707881e+02
1.601642411479199886e+09,3.717529791813600468e+02
1.601642411479700089e+09,3.718123326895263290e+02
1.601642411555799961e+09,3.718720940054637367e+02
1.601642411675899982e+09,3.719321466126662585e+02
1.601642411765899897e+09,3.719923739946277124e+02
1.601642412018699884e+09,3.720526596348422572e+02
1.601642412019200087e+09,3.721128870168037110e+02
1.601642412095900059e+09,3.721729396240061760e+02
1.601642412215899944e+09,3.722185704006760716e+02
1.601642412305900097e+09,3.722793658006043529e+02
1.601642412559700012e+09,3.723254772078616384e+02
1.601642412560199976e+09,3.723723605369712004e+02
1.601642412635900021e+09,3.724340006815681932e+02
1.601642412755899906e+09,3.724805490257229508e+02
1.601642412875900030e+09,3.725274614839590868e+02
1.601642412965899944e+09,3.725745924106439588e+02
1.601642413159699917e+09,3.726217961601450952e+02
1.601642413175899982e+09,3.726689270868300241e+02
1.601642413295799971e+09,3.727158395450661033e+02
1.601642413415800095e+09,3.727623878892209746e+02
1.601642413505899906e+09,3.728084264736618820e+02
1.601642413729599953e+09,3.728538096527565244e+02
1.601642413730200052e+09,3.728983917808722595e+02
1.601642413835799932e+09,3.729420272123765585e+02
1.601642413955899954e+09,3.730001718617929214e+02
1.601642414045900106e+09,3.730429771131918528e+02
1.601642414275599957e+09,3.730844278602082795e+02
1.601642414276099920e+09,3.731243784572097297e+02
1.601642414375799894e+09,3.731782848187196464e+02
1.601642414495800018e+09,3.732318998889645059e+02
1.601642414585900068e+09,3.732851071514383534e+02
1.601642414839200020e+09,3.733377900896350639e+02
1.601642414839699984e+09,3.733757016477811135e+02
1.601642414915899992e+09,3.734142977404001158e+02
1.601642415035900116e+09,3.734534327218594285e+02
1.601642415125999928e+09,3.734929609465265230e+02
1.601642415245899916e+09,3.735468673080364965e+02
1.601642415408099890e+09,3.735994337297271954e+02
1.601642415455800056e+09,3.736364131558251529e+02
1.601642415575900078e+09,3.736732615008538119e+02
1.601642415665899992e+09,3.737098331191806437e+02
1.601642415919500113e+09,3.737459823651732336e+02
1.601642415920099974e+09,3.737815635931989959e+02
1.601642415995800018e+09,3.738164311576253453e+02
1.601642416115799904e+09,3.738504394128196964e+02
1.601642416205800056e+09,3.738990442733058330e+02
1.601642416325900078e+09,3.739479986833099474e+02
1.601642416519599915e+09,3.739815845661700564e+02
1.601642416535900116e+09,3.740293883756772289e+02
1.601642416655800104e+09,3.740771630560579410e+02
1.601642416775899887e+09,3.741247920908060109e+02
1.601642416865900040e+09,3.741721589634155976e+02
1.601642417089600086e+09,3.742191471573806894e+02
1.601642417090100050e+09,3.742656401561951043e+02
1.601642417195800066e+09,3.743115214433528877e+02
1.601642417315799952e+09,3.743566745023481985e+02
1.601642417405900002e+09,3.744009828166747411e+02
1.601642417628299952e+09,3.744443298698265608e+02
1.601642417628799915e+09,3.744865991452978164e+02
1.601642417735800028e+09,3.745276741265823830e+02
1.601642417855900049e+09,3.745674382971742489e+02
1.601642417975800037e+09,3.746057751405672320e+02
1.601642418199899912e+09,3.746284376009880361e+02
1.601642418200400114e+09,3.746508815929599336e+02
1.601642418275799990e+09,3.746885630310067654e+02
1.601642418395800114e+09,3.747272348593545530e+02
1.601642418485899925e+09,3.747809111007652518e+02
1.601642418738600016e+09,3.748339028077028843e+02
1.601642418739099979e+09,3.748861225927880696e+02
1.601642418815900087e+09,3.749374830686414271e+02
1.601642418935800076e+09,3.749878968478834622e+02
1.601642419025799990e+09,3.750372765431344533e+02
1.601642419145900011e+09,3.750855347670151332e+02
1.601642419308000088e+09,3.751325841321457801e+02
1.601642419355799913e+09,3.751783372511470134e+02
1.601642419475800037e+09,3.752227067366392248e+02
1.601642419565799952e+09,3.752656052012430337e+02
1.601642419685800076e+09,3.753069452575788318e+02
1.601642419907200098e+09,3.753325089789994990e+02
1.601642419907700062e+09,3.753719119484226212e+02
1.601642420015799999e+09,3.753953346790452201e+02
1.601642420105799913e+09,3.754182622145170853e+02
1.601642420225800037e+09,3.754547085776000586e+02
1.601642420447200060e+09,3.754748542814908774e+02
1.601642420447799921e+09,3.754941843698394450e+02
1.601642420555799961e+09,3.755125823261399773e+02
1.601642420645800114e+09,3.755455331940422639e+02
1.601642420765799999e+09,3.755788190468993548e+02
1.601642421017499924e+09,3.755967509371757842e+02
1.601642421018100023e+09,3.756430749870564796e+02
1.601642421095799923e+09,3.756880008388649230e+02
1.601642421245800018e+09,3.757314702343482509e+02
1.601642421305799961e+09,3.757734249152532016e+02
1.601642421557600021e+09,3.758138066233269683e+02
1.601642421558099985e+09,3.758525571003163464e+02
1.601642421635799885e+09,3.758896180879685289e+02
1.601642421755800009e+09,3.759249313280304250e+02
1.601642421845799923e+09,3.759584385622489435e+02
1.601642422097700119e+09,3.760042120716387331e+02
1.601642422098299980e+09,3.760466211669171912e+02
1.601642422175800085e+09,3.760856367189578009e+02
1.601642422295799971e+09,3.761212295986341587e+02
1.601642422385799885e+09,3.761533706768196339e+02
1.601642422505899906e+09,3.761820308243877662e+02
1.601642422665999889e+09,3.762213114514796075e+02
1.601642422715800047e+09,3.762556109979390726e+02
1.601642422835900068e+09,3.762849294637662751e+02
1.601642422925800085e+09,3.763092668489611015e+02
1.601642423045900106e+09,3.763286231535236084e+02
1.601642423135900021e+09,3.763727304768773365e+02
1.601642423296999931e+09,3.763963134176956942e+02
1.601642423375799894e+09,3.764291332045286822e+02
1.601642423465800047e+09,3.764571175563618795e+02
1.601642423585799932e+09,3.764647231712923485e+02
1.601642423807199955e+09,3.764958418171374319e+02
1.601642423807800055e+09,3.765208287818533677e+02
1.601642423915800095e+09,3.765397714528195365e+02
1.601642424005800009e+09,3.765527572174154898e+02
1.601642424125799894e+09,3.765598734630205513e+02
1.601642424381000042e+09,3.765612075770144429e+02
1.601642424381599903e+09,3.765568469467766590e+02
1.601642424455899954e+09,3.765468789596866372e+02
1.601642424545799971e+09,3.765313910031239857e+02
1.601642424665800095e+09,3.765104704644682556e+02
1.601642424932499886e+09,3.764842047310987709e+02
1.601642424933099985e+09,3.764526811903951966e+02
1.601642424995699883e+09,3.764159872297370271e+02
1.601642425085799932e+09,3.763742102365037567e+02
1.601642425236000061e+09,3.763274375980748232e+02
1.601642425325900078e+09,3.762757567018298914e+02
1.601642425527699947e+09,3.762192549351483990e+02
1.601642425535900116e+09,3.761580196854098403e+02
1.601642425655900002e+09,3.760921383399937667e+02
1.601642425745899916e+09,3.760372998464357579e+02
1.601642425865900040e+09,3.759794901819740858e+02
1.601642426032099962e+09,3.759188258631150461e+02
1.601642426075799942e+09,3.758554234063644230e+02
1.601642426195699930e+09,3.757737977680724271e+02
1.601642426285799980e+09,3.756881668748861216e+02
1.601642426405800104e+09,3.756142196743408590e+02
1.601642426628499985e+09,3.755379421436751954e+02
1.601642426629100084e+09,3.754594507993950856e+02
1.601642426735800028e+09,3.753929926972742237e+02
1.601642426825799942e+09,3.753231119227889963e+02
1.601642426945800066e+09,3.752499541215719887e+02
1.601642427035900116e+09,3.751736649392557297e+02
1.601642427197999954e+09,3.750943900214726909e+02
1.601642427275799990e+09,3.750122750138554579e+02
1.601642427365799904e+09,3.749274655620364456e+02
1.601642427485800028e+09,3.748401073116482962e+02
1.601642427739599943e+09,3.747503459083235384e+02
1.601642427740200043e+09,3.746583269976946440e+02
1.601642427845799923e+09,3.745641962253942552e+02
1.601642427905900002e+09,3.744822297763221286e+02
1.601642428025799990e+09,3.743970008650815089e+02
1.601642428145900011e+09,3.743086842664312712e+02
1.601642428309999943e+09,3.742174547551306887e+02
1.601642428355799913e+09,3.741234871059385227e+02
1.601642428445800066e+09,3.740269560936140465e+02
1.601642428565799952e+09,3.739280364929160783e+02
1.601642428685800076e+09,3.738269030786038343e+02
1.601642428848000050e+09,3.737237306254361897e+02
1.601642428895800114e+09,3.736186939081723040e+02
1.601642428985800028e+09,3.735275692617270238e+02
1.601642429105700016e+09,3.734364300507184566e+02
1.601642429225899935e+09,3.733454801790322790e+02
1.601642432567600012e+09,3.732549235505539968e+02
1.601642432572099924e+09,3.731493625090129740e+02
1.601642432591700077e+09,3.730431023684358252e+02
1.601642432596699953e+09,3.729363179035815961e+02
1.601642432599900007e+09,3.728291838892093324e+02
1.601642432603100061e+09,3.727218751000779662e+02
1.601642432606100082e+09,3.726145663109466568e+02
1.601642432609200001e+09,3.725074322965743931e+02
1.601642432618200064e+09,3.724006478317201072e+02
1.601642432621099949e+09,3.722943876911429584e+02
1.601642432625200033e+09,3.721888266496019355e+02
1.601642432628200054e+09,3.720841394818560275e+02
1.601642432632400036e+09,3.719805009626643368e+02
1.601642432635299921e+09,3.719078179662093362e+02
1.601642432638700008e+09,3.718209898659235932e+02
1.601642432642199993e+09,3.717499526651161545e+02
1.601642432645200014e+09,3.716808088575315310e+02
1.601642432648499966e+09,3.716123204552932293e+02
1.601642432651400089e+09,3.715588510306808985e+02
1.601642432654700041e+09,3.715065322065655096e+02
1.601642432657700062e+09,3.714697566843531149e+02
1.601642432660599947e+09,3.714332141951526864e+02
1.601642432675899982e+09,3.714113265694969641e+02
1.601642432680200100e+09,3.714029432068888354e+02
1.601642432683099985e+09,3.713772105365343918e+02
1.601642432686700106e+09,3.713627100573602888e+02
1.601642432690200090e+09,3.713583202979959879e+02
1.601642432693099976e+09,3.713488183769301259e+02
1.601642432700999975e+09,3.713487135120746530e+02
1.601642432703900099e+09,3.713428119510447800e+02
1.601642432708400011e+09,3.713315215016115189e+02
1.601642432711199999e+09,3.713293805108135075e+02
1.601642434378200054e+09,3.713212243553920189e+02
1.601642434381900072e+09,3.712918884120889516e+02
1.601642434385699987e+09,3.712700415672102849e+02
1.601642434388600111e+09,3.712405191974975764e+02
1.601642434391700029e+09,3.712178887791159241e+02
1.601642434395299911e+09,3.711870148179334024e+02
1.601642434401400089e+09,3.711483633799740574e+02
1.601642434404599905e+09,3.711009295103735894e+02
1.601642434409399986e+09,3.710437082542673579e+02
1.601642434412600040e+09,3.709912962169471484e+02
1.601642434417500019e+09,3.709285870334074389e+02
1.601642434421799898e+09,3.708702064380663614e+02
1.601642434427599907e+09,3.707854756348889396e+02
1.601642434430900097e+09,3.706890203582933054e+02
1.601642434436399937e+09,3.705813358034300791e+02
1.601642434440099955e+09,3.704629171654498805e+02
1.601642436808700085e+09,3.703483901787706145e+02
1.601642436814800024e+09,3.702070760473575319e+02
1.601642436821000099e+09,3.700536005056286513e+02
1.601642436827399969e+09,3.698884587487344788e+02
1.601642436833499908e+09,3.697121459718258620e+02
1.601642436844500065e+09,3.695251573700529661e+02
1.601642436891700029e+09,3.693279881385667522e+02
1.601642436897700071e+09,3.691211334725176130e+02
1.601642436902400017e+09,3.689192191063237942e+02
1.601642436908799887e+09,3.687071678041062341e+02
1.601642436913599968e+09,3.684855038901420130e+02
1.601642436919399977e+09,3.682547516887083248e+02
1.601642436924400091e+09,3.680154355240822497e+02
1.601642436932199955e+09,3.677680797205407544e+02
1.601642436935600042e+09,3.674990780630935205e+02
1.601642436941299915e+09,3.672245273070470830e+02
1.601642437166100025e+09,3.669449226475520049e+02
1.601642437612299919e+09,3.666607592797589064e+02
1.601642437930599928e+09,3.663725323988184073e+02
1.601642437966799974e+09,3.660807371998811846e+02
1.601642438032500029e+09,3.657858688780975172e+02
1.601642438041199923e+09,3.654884226286181956e+02
1.601642438152299881e+09,3.651888936465938968e+02
1.601642438161499977e+09,3.648877771271750134e+02
1.601642438228600025e+09,3.645855682655122223e+02
1.601642438440399885e+09,3.642827622567560297e+02
1.601642438450099945e+09,3.639798542960571126e+02
1.601642438461800098e+09,3.636773395785659204e+02
1.601642438467799902e+09,3.633757132994331869e+02
1.601642438473400116e+09,3.630598690936534467e+02
1.601642438487900019e+09,3.627444035665183151e+02
1.601642438494800091e+09,3.624297827840516675e+02
1.601642438500000000e+09,3.621164728122778911e+02
1.601642438509000063e+09,3.618049397172209183e+02
1.601642438517100096e+09,3.614956495649047383e+02
1.601642438523999929e+09,3.611890684213535110e+02
1.601642438532299995e+09,3.608856623525912823e+02
1.601642438542200089e+09,3.605858974246422122e+02
1.601642441319099903e+09,3.602902397035302897e+02
1.601642441322599888e+09,3.599991552552797316e+02
1.601642441325599909e+09,3.596975085857584986e+02
1.601642441328599930e+09,3.593998671711316319e+02
1.601642441331799984e+09,3.591066679482967174e+02
1.601642441335200071e+09,3.588042173148839993e+02
1.601642441338399887e+09,3.585085246388204041e+02
1.601642441341599941e+09,3.582199977278767733e+02
1.601642441344599962e+09,3.579390443898246303e+02
1.601642441348799944e+09,3.576660724324348166e+02
1.601642441351700068e+09,3.574014896634783440e+02
1.601642441354599953e+09,3.571457038907262813e+02
1.601642441357800007e+09,3.568991229219499246e+02
1.601642441361099958e+09,3.566621545649199447e+02
1.601642441364300013e+09,3.564352066274078084e+02
1.601642441367300034e+09,3.562186869171844137e+02
1.601642441370300055e+09,3.560130032420207726e+02
1.601642441373600006e+09,3.558185634096880108e+02
1.601642441376600027e+09,3.556357752279573674e+02
1.601642441379600048e+09,3.554650465045996270e+02
1.601642441382699966e+09,3.553067850473859153e+02
1.601642441386100054e+09,3.551613986640874145e+02
1.601642441389499903e+09,3.550292951624751936e+02
1.601642441392499924e+09,3.549108823503202075e+02
1.601642441395400047e+09,3.547924374961260128e+02
1.601642441398799896e+09,3.546899408386932464e+02
1.601642442279000044e+09,3.546037710566665737e+02
1.601642442282599926e+09,3.545343068286903758e+02
1.601642442287899971e+09,3.544663252732532328e+02
1.601642442292399883e+09,3.544143064791408051e+02
1.601642442297800064e+09,3.543785999958712409e+02
1.601642442302500010e+09,3.543595553729623475e+02
1.601642442320100069e+09,3.543419205997762447e+02
1.601642442326400042e+09,3.543401466359720757e+02
1.601642442331700087e+09,3.543545539019414718e+02
1.601642442648000002e+09,3.543557307186522394e+02
1.601642442651200056e+09,3.543736713476665727e+02
1.601642442654599905e+09,3.543930363909670405e+02
1.601642443096499920e+09,3.544125878606770925e+02
1.601642443099600077e+09,3.544466601999498607e+02
1.601642443103399992e+09,3.544798557525148226e+02
1.601642443106699944e+09,3.545108782722425076e+02
1.601642443176800013e+09,3.545540039440330133e+02
1.601642443296999931e+09,3.545937768533627263e+02
1.601642443469799995e+09,3.546444440560053408e+02
1.601642443506700039e+09,3.547061220684667546e+02
1.601642443626899958e+09,3.547633258470970645e+02
1.601642443716799974e+09,3.548302733185432203e+02
1.601642443836699963e+09,3.548929213309172610e+02
1.601642444045000076e+09,3.549513281424721640e+02
1.601642444048399925e+09,3.550196534216020154e+02
1.601642444168100119e+09,3.550823247372772471e+02
1.601642444256599903e+09,3.551534726287654280e+02
1.601642444376899958e+09,3.552330970960665013e+02
1.601642444608700037e+09,3.553055965790244954e+02
1.601642444611900091e+09,3.553850724877804623e+02
1.601642444706799984e+09,3.554558941330517996e+02
1.601642444827199936e+09,3.555321337958529853e+02
1.601642444946899891e+09,3.555981316577750704e+02
1.601642445196099997e+09,3.556679308707060159e+02
1.601642445199399948e+09,3.557414440472663841e+02
1.601642445246900082e+09,3.558185838000766239e+02
1.601642445366699934e+09,3.558992627417572407e+02
1.601642445456700087e+09,3.559677919247725981e+02
1.601642445721800089e+09,3.560381853718842535e+02
1.601642445724900007e+09,3.561103265665862523e+02
1.601642445786700010e+09,3.561699684531049570e+02
1.601642445906899929e+09,3.562325669459639244e+02
1.601642445996599913e+09,3.562979763995306826e+02
1.601642446262099981e+09,3.563660511681725893e+02
1.601642446265500069e+09,3.564366456062571729e+02
1.601642446326699972e+09,3.564940125079958761e+02
1.601642446446700096e+09,3.565521076378972225e+02
1.601642446566699982e+09,3.566107562212021662e+02
1.601642446656599998e+09,3.566697834831516616e+02
1.601642446862499952e+09,3.567290146489867197e+02
1.601642446867199898e+09,3.567882749439482382e+02
1.601642446986700058e+09,3.568629911534333132e+02
1.601642447076600075e+09,3.569388870925417336e+02
1.601642447196899891e+09,3.570158171156410845e+02
1.601642447401799917e+09,3.570936355770988371e+02
1.601642447407399893e+09,3.571580662920150075e+02
1.601642447526700020e+09,3.572245360457864649e+02
1.601642447616699934e+09,3.572928700636542771e+02
1.601642447737400055e+09,3.573628935708593417e+02
1.601642447971800089e+09,3.574344317926426129e+02
1.601642447974999905e+09,3.575073099542452155e+02
1.601642448066699982e+09,3.575813532809079334e+02
1.601642448156800032e+09,3.576563869978718913e+02
1.601642448276900053e+09,3.577322363303778729e+02
1.601642448513400078e+09,3.578087265036670033e+02
1.601642448516499996e+09,3.578856827429802934e+02
1.601642448607000113e+09,3.579629302735586407e+02
1.601642448696700096e+09,3.580402943206429427e+02
1.601642448861799955e+09,3.581176001094742105e+02
1.601642449082900047e+09,3.581805423260259431e+02
1.601642449086199999e+09,3.582445186265686061e+02
1.601642449146800041e+09,3.583093251072166936e+02
1.601642449266700029e+09,3.583747578640845859e+02
1.601642449356600046e+09,3.584406129932868339e+02
1.601642449630700111e+09,3.585066865909378748e+02
1.601642449634000063e+09,3.585727747531520890e+02
1.601642449686899900e+09,3.586386735760440843e+02
1.601642449806999922e+09,3.587041791557281840e+02
1.601642449896699905e+09,3.587690875883189960e+02
1.601642450016599894e+09,3.588331949699309575e+02
1.601642450220700026e+09,3.589118989568345341e+02
1.601642450256599903e+09,3.589908942350031111e+02
1.601642450346699953e+09,3.590700060296776996e+02
1.601642450436599970e+09,3.591349290268317986e+02
1.601642450556900024e+09,3.592010608827357601e+02
1.601642450767499924e+09,3.592681976935042485e+02
1.601642450770800114e+09,3.593361355552515874e+02
1.601642450886600018e+09,3.594046705640922710e+02
1.601642450976599932e+09,3.594735988161407363e+02
1.601642451096600056e+09,3.595427164075115343e+02
1.601642451340800047e+09,3.596118194343190453e+02
1.601642451344000101e+09,3.596807039926777634e+02
1.601642451426899910e+09,3.597491661787021826e+02
1.601642451516599894e+09,3.598170020885067402e+02
1.601642451636600018e+09,3.598840078182059301e+02
1.601642451872800112e+09,3.599499794639141896e+02
1.601642451875900030e+09,3.600147131217459560e+02
1.601642451966700077e+09,3.600780048878157800e+02
1.601642452056499958e+09,3.601396508582379852e+02
1.601642452177099943e+09,3.602009181500157524e+02
1.601642452447000027e+09,3.602630738801518078e+02
1.601642452450099945e+09,3.603259141447608727e+02
1.601642452506599903e+09,3.604033655792246691e+02
1.601642452596499920e+09,3.604655213093607813e+02
1.601642452716700077e+09,3.605419095307071871e+02
1.601642452991300106e+09,3.606026233690813569e+02
1.601642452994400024e+09,3.606771910200211551e+02
1.601642453076699972e+09,3.607498361486116778e+02
1.601642453136600018e+09,3.608203839800938795e+02
1.601642453256599903e+09,3.608886597397086575e+02
1.601642453376899958e+09,3.609700902128531084e+02
1.601642453614200115e+09,3.610503992146270207e+02
1.601642453617399931e+09,3.611294410993980364e+02
1.601642453706700087e+09,3.612070702215335132e+02
1.601642453798199892e+09,3.612831409354009793e+02
1.601642453916599989e+09,3.613575075953679629e+02
1.601642454155800104e+09,3.614300245558018787e+02
1.601642454158999920e+09,3.615005461710701411e+02
1.601642454246599913e+09,3.615689267955403920e+02
1.601642454336600065e+09,3.616350207835799324e+02
1.601642454456599951e+09,3.616986824895564041e+02
1.601642454709100008e+09,3.617597662678371080e+02
1.601642454711999893e+09,3.618181264727896860e+02
1.601642454786700010e+09,3.618892190189374105e+02
1.601642454876499891e+09,3.619587968505070421e+02
1.601642454996900082e+09,3.620267434509922850e+02
1.601642455086600065e+09,3.621070728431548105e+02
1.601642455269399881e+09,3.621840960794589819e+02
1.601642455326600075e+09,3.622577257725253048e+02
1.601642455416599989e+09,3.623278745349742849e+02
1.601642455536600113e+09,3.623944549794264844e+02
1.601642455805700064e+09,3.624573797185022954e+02
1.601642455808599949e+09,3.625306919040897924e+02
1.601642455866699934e+09,3.625987317177798559e+02
1.601642455956700087e+09,3.626614409013195655e+02
1.601642456076600075e+09,3.627187611964558869e+02
1.601642456196899891e+09,3.627847648842032982e+02
1.601642456379100084e+09,3.628438212752793106e+02
1.601642456406599998e+09,3.628959012405574072e+02
1.601642456496799946e+09,3.629409756509111276e+02
1.601642456616699934e+09,3.629790153772138410e+02
1.601642456736599922e+09,3.630397233897626279e+02
1.601642456981300116e+09,3.630933967182605215e+02
1.601642456984299898e+09,3.631400644918339822e+02
1.601642457036600113e+09,3.631656253003420147e+02
1.601642457156599998e+09,3.631998112432081598e+02
1.601642457276599884e+09,3.632270498894029060e+02
1.601642457367000103e+09,3.632473703680527137e+02
1.601642457541199923e+09,3.632466712690165878e+02
1.601642457576600075e+09,3.632405541524505566e+02
1.601642457696599960e+09,3.632431495576221323e+02
1.601642457818200111e+09,3.632388850535018605e+02
1.601642458053299904e+09,3.632277897692162014e+02
1.601642458056299925e+09,3.632098928338915584e+02
1.601642458146600008e+09,3.631710928373870502e+02
1.601642458236599922e+09,3.631269913398586482e+02
1.601642458356699944e+09,3.630931899014623809e+02
1.601642458446799994e+09,3.630555871120571965e+02
1.601642458622499943e+09,3.630142121007696687e+02
1.601642458686599970e+09,3.629690939967262580e+02
1.601642458776599884e+09,3.629202619290534813e+02
1.601642458896800041e+09,3.628677450268778557e+02
1.601642458986599922e+09,3.628115724193258984e+02
1.601642459160000086e+09,3.627659037747915249e+02
1.601642459226500034e+09,3.627010652521043426e+02
1.601642459316499949e+09,3.626468180798142953e+02
1.601642459436599970e+09,3.625876189560183889e+02
1.601642459526700020e+09,3.625235261389697143e+02
1.601642459762099981e+09,3.624545978869212490e+02
1.601642459767100096e+09,3.623808924581258566e+02
1.601642459856800079e+09,3.623180696709927702e+02
1.601642459976599932e+09,3.622520863736338583e+02
1.601642460096699953e+09,3.621830299534287292e+02
1.601642460336800098e+09,3.621109877977568772e+02
1.601642460339600086e+09,3.620360472939977967e+02
1.601642460396699905e+09,3.619582958295309822e+02
1.601642460516700029e+09,3.618778207917359850e+02
1.601642460636699915e+09,3.617947095679922995e+02
1.601642460870800018e+09,3.617090495456794201e+02
1.601642460873699903e+09,3.616067975729093860e+02
1.601642460936599970e+09,3.615036134680911459e+02
1.601642461056900024e+09,3.613995554894777911e+02
1.601642461176800013e+09,3.612946818953222987e+02
1.601642461266599894e+09,3.611890509438775894e+02
1.601642461440799952e+09,3.610983224535528961e+02
1.601642461476599932e+09,3.610084532724600308e+02
1.601642461596600056e+09,3.609195307879785446e+02
1.601642461716599941e+09,3.608316423874879888e+02
1.601642461806600094e+09,3.607448754583679715e+02
1.601642461983000040e+09,3.606593173879978167e+02
1.601642462016900063e+09,3.605750555637570756e+02
1.601642462136600018e+09,3.604921773730253562e+02
1.601642462256599903e+09,3.604107702031821532e+02
1.601642462346999884e+09,3.603309214416070176e+02
1.601642462550800085e+09,3.602527184756794441e+02
1.601642462586699963e+09,3.601762486927787563e+02
1.601642462676500082e+09,3.600874689410171641e+02
1.601642462796999931e+09,3.600020390388036731e+02
1.601642462886800051e+09,3.599200172443912038e+02
1.601642463095700026e+09,3.598414618160329042e+02
1.601642463126699924e+09,3.597820325721376093e+02
1.601642463216900110e+09,3.597276863608174722e+02
1.601642463336600065e+09,3.596785105694519871e+02
1.601642463426500082e+09,3.596189910252646200e+02
1.601642463690700054e+09,3.595789180859318321e+02
1.601642463693599939e+09,3.595286470394096909e+02
1.601642463756599903e+09,3.594979682433747143e+02
1.601642463876699924e+09,3.594572369857829699e+02
1.601642463966599941e+09,3.594206420641548334e+02
1.601642464086699963e+09,3.593882417367435096e+02
1.601642464267499924e+09,3.593600942618018621e+02
1.601642464296799898e+09,3.593362578975829251e+02
1.601642464416500092e+09,3.593167909023396760e+02
1.601642464536700010e+09,3.593017515343252626e+02
1.601642464626899958e+09,3.592911980517925485e+02
1.601642464803800106e+09,3.592851887129945680e+02
1.601642464836600065e+09,3.592837817761843553e+02
1.601642464956899881e+09,3.592729049603474323e+02
1.601642465076600075e+09,3.592681889547662308e+02
1.601642465166599989e+09,3.592696628885673817e+02
1.601642465426199913e+09,3.592773558908772884e+02
1.601642465429399967e+09,3.592912970908225248e+02
1.601642465496799946e+09,3.593115156175296079e+02
1.601642465616600037e+09,3.593380406001248843e+02
1.601642465706599951e+09,3.593709011677350986e+02
1.601642465940900087e+09,3.594101264494865404e+02
1.601642465943799973e+09,3.594557455745058974e+02
1.601642466036600113e+09,3.594921861117635444e+02
1.601642466156500101e+09,3.595335786005269370e+02
1.601642466246599913e+09,3.595799230407961886e+02
1.601642466452600002e+09,3.596312194325713563e+02
1.601642466516599894e+09,3.596874677758522125e+02
1.601642466576600075e+09,3.597486680706389279e+02
1.601642466696599960e+09,3.597992187567754740e+02
1.601642466787100077e+09,3.598532212444029597e+02
1.601642466906500101e+09,3.599106464043946403e+02
1.601642467080499887e+09,3.599714651076241694e+02
1.601642467116600037e+09,3.600200466648090583e+02
1.601642467236500025e+09,3.600704633569636712e+02
1.601642467326600075e+09,3.601226569258350878e+02
1.601642467446599960e+09,3.601624385739027616e+02
1.601642467621700048e+09,3.602053224739433404e+02
1.601642467656699896e+09,3.602356196784210169e+02
1.601642467776799917e+09,3.602673442100975194e+02
1.601642467867000103e+09,3.603003795524667225e+02
1.601642467986700058e+09,3.603502107491785864e+02
1.601642468160700083e+09,3.603870183134301328e+02
1.601642468196500063e+09,3.604248162679828624e+02
1.601642468316600084e+09,3.604634880963307637e+02
1.601642468406599998e+09,3.605185188421237967e+02
1.601642468526499987e+09,3.605756905787148980e+02
1.601642468743700027e+09,3.606193143585686585e+02
1.601642468747299910e+09,3.606634042044464081e+02
1.601642468857000113e+09,3.607078435998422492e+02
1.601642468976700068e+09,3.607525160282501702e+02
1.601642469066699982e+09,3.608129065333200742e+02
1.601642469282399893e+09,3.608747971884050116e+02
1.601642469285500050e+09,3.609381006061254311e+02
1.601642469426599979e+09,3.610027293991018382e+02
1.601642469516700029e+09,3.610685961799546249e+02
1.601642469606800079e+09,3.611356135613044671e+02
1.601642469841799974e+09,3.612036941557716432e+02
1.601642469844700098e+09,3.612727505759767155e+02
1.601642469936500072e+09,3.613426954345401896e+02
1.601642470056600094e+09,3.613978397839265995e+02
1.601642470146600008e+09,3.614677992070533605e+02
1.601642470266700029e+09,3.615227542171174946e+02
1.601642470440799952e+09,3.615625882976129333e+02
1.601642470506700039e+09,3.616027573630631196e+02
1.601642470596499920e+09,3.616431157678356385e+02
1.601642470686500072e+09,3.616976484055654737e+02
1.601642470806600094e+09,3.617506371995904146e+02
1.601642470979799986e+09,3.617878350941372219e+02
1.601642471016499996e+09,3.618246980037291678e+02
1.601642471136699915e+09,3.618610802827337238e+02
1.601642471226599932e+09,3.618968362855184751e+02
1.601642471346600056e+09,3.619318203664507791e+02
1.601642471519999981e+09,3.619658868798982212e+02
1.601642471556600094e+09,3.619988901802283863e+02
1.601642471676700115e+09,3.620306846218084047e+02
1.601642471766599894e+09,3.620767261191620037e+02
1.601642471886600018e+09,3.621227676165156026e+02
1.601642472095200062e+09,3.621686925973631332e+02
1.601642472098599911e+09,3.622143845451987545e+02
1.601642472216500044e+09,3.622597269435161706e+02
1.601642472336499929e+09,3.623046032758096544e+02
1.601642472426500082e+09,3.623488970255729100e+02
1.601642472650799990e+09,3.623924916763000965e+02
1.601642472653700113e+09,3.624352707114850887e+02
1.601642472757200003e+09,3.624771176146219887e+02
1.601642472876899958e+09,3.625179158692047281e+02
1.601642472966799974e+09,3.625575489587272955e+02
1.601642473203399897e+09,3.625959003666836225e+02
1.601642473206300020e+09,3.626328535765677543e+02
1.601642473296499968e+09,3.626682920718735659e+02
1.601642473416699886e+09,3.627020993360951593e+02
1.601642473506500006e+09,3.627341588527264662e+02
1.601642473626600027e+09,3.627799556654174467e+02
1.601642473799700022e+09,3.628252718475210941e+02
1.601642473836600065e+09,3.628700200116579140e+02
1.601642473956700087e+09,3.628999822311808430e+02
1.601642474046600103e+09,3.629306435497398411e+02
1.601642474169500113e+09,3.629618874508290105e+02
1.601642474344899893e+09,3.630077279572097382e+02
1.601642474376600027e+09,3.630524761213465013e+02
1.601642474496599913e+09,3.630819140165923500e+02
1.601642474586899996e+09,3.631115266865971876e+02
1.601642474706700087e+09,3.631411976148551162e+02
1.601642474913700104e+09,3.631708102848599538e+02
1.601642474917299986e+09,3.632002481801057456e+02
1.601642475036600113e+09,3.632293947840865371e+02
1.601642475156599998e+09,3.632581335802962030e+02
1.601642475246500015e+09,3.632863480522289024e+02
1.601642475488100052e+09,3.633139216833783962e+02
1.601642475490999937e+09,3.633407379572387867e+02
1.601642475576600075e+09,3.633666803573040625e+02
1.601642475666699886e+09,3.633916323670681550e+02
1.601642475786600113e+09,3.634154774700249959e+02
1.601642476024499893e+09,3.634537007098246590e+02
1.601642476027400017e+09,3.634920841598201946e+02
1.601642476116499901e+09,3.635305404326319376e+02
1.601642476206500053e+09,3.635689821408804505e+02
1.601642476326600075e+09,3.636073218971861252e+02
1.601642476592099905e+09,3.636454723141695808e+02
1.601642476595000029e+09,3.636833460044512094e+02
1.601642476656599998e+09,3.637208555806515733e+02
1.601642476746400118e+09,3.637579136553910644e+02
1.601642476866699934e+09,3.637944328412902451e+02
1.601642476986700058e+09,3.638303257509695072e+02
1.601642477159899950e+09,3.638655049970495270e+02
1.601642477196599960e+09,3.638998831921505257e+02
1.601642477316600084e+09,3.639333729488932363e+02
1.601642477406500101e+09,3.639658868798979938e+02
1.601642477526599884e+09,3.639973375977853038e+02
1.601642477733700037e+09,3.640276377151756719e+02
1.601642477739399910e+09,3.640566998446896037e+02
1.601642477856699944e+09,3.640844365989475477e+02
1.601642477946500063e+09,3.641107605905700098e+02
1.601642478066499949e+09,3.641355844321774953e+02
1.601642478273200035e+09,3.641588207363903962e+02
1.601642478276700020e+09,3.641803821158292749e+02
1.601642478396500111e+09,3.642157827432707222e+02
1.601642478486799955e+09,3.642508338211940213e+02
1.601642478606699944e+09,3.642854770913462517e+02
1.601642478860599995e+09,3.643196542954744359e+02
1.601642478863600016e+09,3.643533071753255399e+02
1.601642478936599970e+09,3.643863774726465294e+02
1.601642479026499987e+09,3.644188069291844272e+02
1.601642479146699905e+09,3.644364067474186868e+02
1.601642479391499996e+09,3.644688216393932976e+02
1.601642479394500017e+09,3.644862612474317984e+02
1.601642479476799965e+09,3.645042397443105529e+02
1.601642479566699982e+09,3.645226697426502369e+02
1.601642479686700106e+09,3.645414638550711288e+02
1.601642480328399897e+09,3.645746652334614168e+02
1.601642480331599951e+09,3.645924835201444694e+02
1.601642480340199947e+09,3.646104328878967635e+02
1.601642480343800068e+09,3.646284259493388049e+02
1.601642480352999926e+09,3.646463753170911559e+02
1.601642480356600046e+09,3.646641936037741516e+02
1.601642480889400005e+09,3.646817934220083544e+02
1.601642480892400026e+09,3.646990873844143266e+02
1.601642480898699999e+09,3.647159881036125171e+02
1.601642480902199984e+09,3.647324081922233177e+02
1.601642480931799889e+09,3.647482602628672339e+02
1.601642481497699976e+09,3.647634569281648282e+02
1.601642481500900030e+09,3.647779108007366062e+02
1.601642481505800009e+09,3.647915344932029029e+02
1.601642481518199921e+09,3.648198421783403660e+02
1.601642481521600008e+09,3.648486450586283922e+02
1.601642481529400110e+09,3.648778848758139475e+02
1.601642482040499926e+09,3.648919018114881396e+02
1.601642482043600082e+09,3.649047390175388159e+02
1.601642482046400070e+09,3.649319106667425672e+02
1.601642482057300091e+09,3.649592279615788470e+02
1.601642482062700033e+09,3.649866326437946213e+02
1.601642482564800024e+09,3.650140664551369127e+02
1.601642482567800045e+09,3.650414711373527439e+02
1.601642482582499981e+09,3.650546578929215116e+02
1.601642482585900068e+09,3.650691408946196930e+02
1.601642482899499893e+09,3.650848327550679073e+02
1.601642482902400017e+09,3.651016460868865465e+02
1.601642482905400038e+09,3.651194935026960593e+02
1.601642482926500082e+09,3.651382876151170080e+02
1.601642483046600103e+09,3.651579410367698415e+02
1.601642483136499882e+09,3.651783663802750652e+02
1.601642483319799900e+09,3.651994762582530711e+02
1.601642483376499891e+09,3.652211832833245921e+02
1.601642483466599941e+09,3.652434000681098496e+02
1.601642483586400032e+09,3.652660392252294628e+02
1.601642483676599979e+09,3.652890133673038804e+02
1.601642483941400051e+09,3.653122351069534943e+02
1.601642483944299936e+09,3.653356170567989807e+02
1.601642484006599903e+09,3.653590718294607314e+02
1.601642484126600027e+09,3.653825120375591951e+02
1.601642484246400118e+09,3.654058502937148774e+02
1.601642484451900005e+09,3.654289992105483407e+02
1.601642484456899881e+09,3.654518714006799200e+02
1.601642484546499968e+09,3.654743794767302347e+02
1.601642484666599989e+09,3.654964360513197903e+02
1.601642484786499977e+09,3.655179537370688649e+02
1.601642484876600027e+09,3.655544467067542769e+02
1.601642485051800013e+09,3.655775956235876833e+02
1.601642485086499929e+09,3.656170451996132442e+02
1.601642485206799984e+09,3.656415340562658685e+02
1.601642485326499939e+09,3.656509748061661185e+02
1.601642485562299967e+09,3.656764540531199259e+02
1.601642485565200090e+09,3.657037538704802841e+02
1.601642485626600027e+09,3.657327868708677556e+02
1.601642485746599913e+09,3.657634656669026754e+02
1.601642485866899967e+09,3.657957028712056058e+02
1.601642486107700109e+09,3.658294110963970525e+02
1.601642486110599995e+09,3.658645029550974073e+02
1.601642486196500063e+09,3.659008910599273463e+02
1.601642486286400080e+09,3.659384880235072046e+02
1.601642486406599998e+09,3.659772064584574309e+02
1.601642486496500015e+09,3.660169589773987013e+02
1.601642486669600010e+09,3.660576581929512940e+02
1.601642486736599922e+09,3.660992167177357715e+02
1.601642486826499939e+09,3.661415471643726391e+02
1.601642486946500063e+09,3.661845621454824027e+02
1.601642487036600113e+09,3.662281742736855108e+02
1.601642487277800083e+09,3.662722961616024122e+02
1.601642487280800104e+09,3.663168404218537262e+02
1.601642487366499901e+09,3.663617196670597878e+02
1.601642487486399889e+09,3.664068465098411593e+02
1.601642487576400042e+09,3.664521335628182896e+02
1.601642487696399927e+09,3.664974934386116843e+02
1.601642487887599945e+09,3.665428387498418488e+02
1.601642487906500101e+09,3.665880821091292319e+02
1.601642488026499987e+09,3.666331361290943391e+02
1.601642488146500111e+09,3.666779134223576193e+02
1.601642488381799936e+09,3.667223266015396348e+02
1.601642488384799957e+09,3.667662882792607775e+02
1.601642488446500063e+09,3.668097110681416098e+02
1.601642488566699982e+09,3.668525075808026372e+02
1.601642488686500072e+09,3.668804598905967396e+02
1.601642488922399998e+09,3.669231835804414459e+02
1.601642488925299883e+09,3.669649897028012333e+02
1.601642488986599922e+09,3.670057908702966643e+02
1.601642489106499910e+09,3.670454996955480738e+02
1.601642489226500034e+09,3.670698982519085689e+02
1.601642489316600084e+09,3.670944715830281098e+02
1.601642489489599943e+09,3.671191031724005711e+02
1.601642489526499987e+09,3.671436765035200551e+02
1.601642489646500111e+09,3.671680750598806071e+02
1.601642489766599894e+09,3.671921823249759882e+02
1.601642489856600046e+09,3.672158817823004142e+02
1.601642490030600071e+09,3.672390569153476463e+02
1.601642490066499949e+09,3.672771927677678150e+02
1.601642490186599970e+09,3.673004698527578284e+02
1.601642490306400061e+09,3.673385037532353294e+02
1.601642490396699905e+09,3.673770765425530840e+02
1.601642490631700039e+09,3.674161008333315976e+02
1.601642490636600018e+09,3.674554892381915465e+02
1.601642490726500034e+09,3.674795528095971804e+02
1.601642490846400023e+09,3.675179071304661989e+02
1.601642490936399937e+09,3.675563342741514248e+02
1.601642491201999903e+09,3.675947468532734206e+02
1.601642491204900026e+09,3.676330574804526350e+02
1.601642491266499996e+09,3.676711787683095736e+02
1.601642491386399984e+09,3.677090233294646850e+02
1.601642491476500034e+09,3.677465037765384750e+02
1.601642491740400076e+09,3.677835327221515627e+02
1.601642491743299961e+09,3.678200227789242263e+02
1.601642491806499958e+09,3.678558865594770850e+02
1.601642491926700115e+09,3.678910366764304172e+02
1.601642492016499996e+09,3.679253857424050693e+02
1.601642492282399893e+09,3.679447158307536938e+02
1.601642492285300016e+09,3.679645119851263644e+02
1.601642492346600056e+09,3.679987882282846385e+02
1.601642492466500044e+09,3.680177250734254812e+02
1.601642492586499929e+09,3.680368075641988526e+02
1.601642492676399946e+09,3.680559191840986841e+02
1.601642492864399910e+09,3.680749434166190213e+02
1.601642492886499882e+09,3.680937637452539093e+02
1.601642493006700039e+09,3.681122636534970525e+02
1.601642493156500101e+09,3.681303266248428372e+02
1.601642493216399908e+09,3.681478361427848540e+02
1.601642493390000105e+09,3.681802772509734041e+02
1.601642493426399946e+09,3.682134320227612534e+02
1.601642493546400070e+09,3.682472130707689075e+02
1.601642493666399956e+09,3.682815330076169289e+02
1.601642493756500006e+09,3.683163044459258231e+02
1.601642493997100115e+09,3.683514399983160956e+02
1.601642494000000000e+09,3.683868522774079679e+02
1.601642494086499929e+09,3.684224538958222865e+02
1.601642494206500053e+09,3.684581574661793297e+02
1.601642494296499968e+09,3.684938756010995462e+02
1.601642494561899900e+09,3.685295209132035552e+02
1.601642494566600084e+09,3.685650060151118055e+02
1.601642494626600027e+09,3.686002435194448026e+02
1.601642494746400118e+09,3.686351460388229384e+02
1.601642494836400032e+09,3.686696261858667185e+02
1.601642495101900101e+09,3.687035965731967622e+02
1.601642495104899883e+09,3.687369698134333476e+02
1.601642495166399956e+09,3.687696585191971508e+02
1.601642495286499977e+09,3.688015753031086206e+02
1.601642495376499891e+09,3.688326327777880920e+02
1.601642495496500015e+09,3.688627435558561842e+02
1.601642495669399977e+09,3.688918202499334029e+02
1.601642495706399918e+09,3.689056449333725709e+02
1.601642495826400042e+09,3.689338331890913310e+02
1.601642495916399956e+09,3.689762976297101886e+02
1.601642496036400080e+09,3.689891173582849433e+02
1.601642496210500002e+09,3.690160384970008067e+02
1.601642496246500015e+09,3.690569736584780571e+02
1.601642496366499901e+09,3.690836035059288633e+02
1.601642496456500053e+09,3.691114422121295320e+02
1.601642496576400042e+09,3.691404023897006823e+02
1.601642496781500101e+09,3.691703966512627630e+02
1.601642496787600040e+09,3.692013376094362229e+02
1.601642496906399965e+09,3.692331378768415675e+02
1.601642497026400089e+09,3.692657100660993024e+02
1.601642497116600037e+09,3.692989667898299331e+02
1.601642497386800051e+09,3.693328206606539084e+02
1.601642497389699936e+09,3.693671842911916769e+02
1.601642497446599960e+09,3.694019702940638012e+02
1.601642497566400051e+09,3.694370912818907300e+02
1.601642497656399965e+09,3.694724598672929687e+02
1.601642497931099892e+09,3.695079886628909662e+02
1.601642497934000015e+09,3.695435902813052849e+02
1.601642497986500025e+09,3.695791773351562597e+02
1.601642498106499910e+09,3.696146624370645668e+02
1.601642498196500063e+09,3.696499581996504276e+02
1.601642498316400051e+09,3.696849772355345749e+02
1.601642498491699934e+09,3.697196321573375144e+02
1.601642498526499987e+09,3.697538355776795242e+02
1.601642498646399975e+09,3.697875001091812237e+02
1.601642498736500025e+09,3.698205383644631183e+02
1.601642498856400013e+09,3.698528629561454864e+02
1.601642499030800104e+09,3.698843864968491744e+02
1.601642499066499949e+09,3.699150215991942332e+02
1.601642499186500072e+09,3.699446808758015095e+02
1.601642499306499958e+09,3.699732769392913951e+02
1.601642499396399975e+09,3.700007224022842820e+02
1.601642499602200031e+09,3.700269298774007893e+02
1.601642499606499910e+09,3.700674135374172238e+02
1.601642499726700068e+09,3.700923830246572379e+02
1.601642499816600084e+09,3.701158814910086221e+02
1.601642499936399937e+09,3.701378215490921093e+02
1.601642500142600060e+09,3.701439852722605792e+02
1.601642500146600008e+09,3.701654592643200203e+02
1.601642500266400099e+09,3.702021561378908245e+02
1.601642500356400013e+09,3.702384160745641566e+02
1.601642500476500034e+09,3.702600502768192428e+02
1.601642500740099907e+09,3.702825729174328444e+02
1.601642500743000031e+09,3.703058966090253534e+02
1.601642500806499958e+09,3.703299339642170480e+02
1.601642500896399975e+09,3.703545975956287748e+02
1.601642501016400099e+09,3.703798001158808688e+02
1.601642501281899929e+09,3.704054541375936651e+02
1.601642501284800053e+09,3.704314722733877829e+02
1.601642501346400023e+09,3.704577671358837279e+02
1.601642501466399908e+09,3.704842513377020623e+02
1.601642501556499958e+09,3.705108374914630645e+02
1.601642501676399946e+09,3.705374382097872967e+02
1.601642501882499933e+09,3.705639661052953215e+02
1.601642501886399984e+09,3.705903337906074739e+02
1.601642502006700039e+09,3.706164538783444300e+02
1.601642502096499920e+09,3.706422389811265816e+02
1.601642502216500044e+09,3.706676017115743207e+02
1.601642502389899969e+09,3.706924546823083801e+02
1.601642502426399946e+09,3.707167105059489813e+02
1.601642502546400070e+09,3.707402817951167435e+02
1.601642502636499882e+09,3.707630811624321723e+02
1.601642502756599903e+09,3.707850212205155458e+02
1.601642502965399981e+09,3.708060145819875970e+02
1.601642502968699932e+09,3.708259738594687178e+02
1.601642503086299896e+09,3.708604132257354422e+02
1.601642503176500082e+09,3.708951438832673375e+02
1.601642503296400070e+09,3.709145060136551137e+02
1.601642503531500101e+09,3.709481443289429308e+02
1.601642503534499884e+09,3.709818700316102422e+02
1.601642503626399994e+09,3.710156248634041276e+02
1.601642503716500044e+09,3.710352200268039269e+02
1.601642503836400032e+09,3.710561696945861740e+02
1.601642504101599932e+09,3.710783864793714883e+02
1.601642504104500055e+09,3.711017829937802617e+02
1.601642504166899920e+09,3.711262718504328859e+02
1.601642504256400108e+09,3.711517656619499803e+02
1.601642504376499891e+09,3.711781770409519368e+02
1.601642504496500015e+09,3.712054186000592608e+02
1.601642504680999994e+09,3.712334029518925718e+02
1.601642504706500053e+09,3.712620427090721478e+02
1.601642504796400070e+09,3.712912504842184944e+02
1.601642504946399927e+09,3.713209388899523447e+02
1.601642505036600113e+09,3.713510205388939198e+02
1.601642505217299938e+09,3.713814080436637823e+02
1.601642505246299982e+09,3.714120140168824378e+02
1.601642505366300106e+09,3.714427510711704485e+02
1.601642505456399918e+09,3.714735318191481497e+02
1.601642505576499939e+09,3.715042688734360468e+02
1.601642505815500021e+09,3.715348748466547590e+02
1.601642505818399906e+09,3.715652623514246216e+02
1.601642505906500101e+09,3.715953440003661967e+02
1.601642505996400118e+09,3.716250324060999901e+02
1.601642506116699934e+09,3.716542401812464504e+02
1.601642506408900023e+09,3.716828799384260265e+02
1.601642506412199974e+09,3.717108642902592237e+02
1.601642506446599960e+09,3.717381058493666615e+02
1.601642506536400080e+09,3.717645172283686179e+02
1.601642506656399965e+09,3.718056126000417407e+02
1.601642506866499901e+09,3.718316016067093415e+02
1.601642506869600058e+09,3.718565274002595515e+02
1.601642506986599922e+09,3.718959041534688481e+02
1.601642507076299906e+09,3.719199415086607132e+02
1.601642507196399927e+09,3.719426826177230510e+02
1.601642507286499977e+09,3.719796416534324521e+02
1.601642507463799953e+09,3.720024992790008014e+02
1.601642507526499987e+09,3.720409002064722017e+02
1.601642507616300106e+09,3.720650540781700215e+02
1.601642507736900091e+09,3.720904750668708516e+02
1.601642507856800079e+09,3.721170757851950839e+02
1.601642508039799929e+09,3.721447688457632808e+02
1.601642508066499949e+09,3.721734668611958909e+02
1.601642508156399965e+09,3.722030824441134200e+02
1.601642508276400089e+09,3.722335282071363167e+02
1.601642508396699905e+09,3.722647167628850866e+02
1.601642508588599920e+09,3.722965607239801784e+02
1.601642508606400013e+09,3.723289727030421545e+02
1.601642508696399927e+09,3.723618653126914637e+02
1.601642508819000006e+09,3.723951511655486115e+02
1.601642508936599970e+09,3.724287428742339898e+02
1.601642509027499914e+09,3.724625530513681611e+02
1.601642509204099894e+09,3.724964943095716876e+02
1.601642509236500025e+09,3.725304792614649614e+02
1.601642509356400013e+09,3.725644205196683743e+02
1.601642509476500034e+09,3.725982306968027160e+02
1.601642509687500000e+09,3.726318224054880943e+02
1.601642509690599918e+09,3.726651082583451853e+02
1.601642509806400061e+09,3.726980008679945513e+02
1.601642509896399975e+09,3.727304128470565274e+02
1.601642510016400099e+09,3.727622568081516192e+02
1.601642510251800060e+09,3.727934453639004460e+02
1.601642510254800081e+09,3.728238911269233427e+02
1.601642510346499920e+09,3.728535067098408717e+02
1.601642510436399937e+09,3.728822047252734819e+02
1.601642510556499958e+09,3.729098977858416788e+02
1.601642510646399975e+09,3.729364985041659111e+02
1.601642510851200104e+09,3.729619194928667412e+02
1.601642510886499882e+09,3.729860733645646178e+02
1.601642510976300001e+09,3.730244742920359613e+02
1.601642511096299887e+09,3.730629334777603958e+02
1.601642511186399937e+09,3.730857911033287451e+02
1.601642511394299984e+09,3.731070903206290836e+02
1.601642511427799940e+09,3.731423453024379455e+02
1.601642511516400099e+09,3.731773672512347275e+02
1.601642511636399984e+09,3.732120979087665091e+02
1.601642511726399899e+09,3.732464790167802562e+02
1.601642511995100021e+09,3.732804523170228777e+02
1.601642511998500109e+09,3.733139595512414530e+02
1.601642512056400061e+09,3.733469424611828913e+02
1.601642512176300049e+09,3.733793427885942151e+02
1.601642512296400070e+09,3.734111022752225608e+02
1.601642512502099991e+09,3.734421626628146669e+02
1.601642512507499933e+09,3.734724656931177265e+02
1.601642512596600056e+09,3.735019531078785917e+02
1.601642512716399908e+09,3.735305666488443421e+02
1.601642512836600065e+09,3.735582480577619435e+02
1.601642513041500092e+09,3.735849390763783617e+02
1.601642513046499968e+09,3.736105814464406194e+02
1.601642513136499882e+09,3.736492474489631945e+02
1.601642513256400108e+09,3.736853063946635984e+02
1.601642513376399994e+09,3.737187291544152572e+02
1.601642513611299992e+09,3.737494865990917674e+02
1.601642513614300013e+09,3.737775495995666120e+02
1.601642513676399946e+09,3.738028890267131032e+02
1.601642513796299934e+09,3.738254757514051221e+02
1.601642513916399956e+09,3.738452806445157535e+02
1.601642514006400108e+09,3.738622745769187077e+02
1.601642514213399887e+09,3.738764284194874108e+02
1.601642514247499943e+09,3.738877130430954026e+02
1.601642514336299896e+09,3.738960993186161659e+02
1.601642514456500053e+09,3.739015581169231837e+02
1.601642514546299934e+09,3.739181908481575078e+02
1.601642514758300066e+09,3.739459975123190816e+02
1.601642514786299944e+09,3.739708766992669098e+02
1.601642514876300097e+09,3.739928575381274527e+02
1.601642514996400118e+09,3.740119691580273411e+02
1.601642515086299896e+09,3.740282406880929784e+02
1.601642515355600119e+09,3.740417012574508817e+02
1.601642515358599901e+09,3.740523799952275681e+02
1.601642515416500092e+09,3.740603060305494978e+02
1.601642515536400080e+09,3.740655084925433016e+02
1.601642515626399994e+09,3.740680165103353829e+02
1.601642515861299992e+09,3.740678592130522588e+02
1.601642515866600037e+09,3.740650657298204464e+02
1.601642515956300020e+09,3.740596651897664060e+02
1.601642516076299906e+09,3.740516867220167114e+02
1.601642516196399927e+09,3.740411594556978798e+02
1.601642516451299906e+09,3.740281125199363146e+02
1.601642516454299927e+09,3.740125750438586465e+02
1.601642516496700048e+09,3.739945761565912790e+02
1.601642516646600008e+09,3.739741449872607291e+02
1.601642516736599922e+09,3.739513106649935708e+02
1.601642516973299980e+09,3.739261023189162643e+02
1.601642516976200104e+09,3.738985490781552130e+02
1.601642517036499977e+09,3.738686800718371614e+02
1.601642517156300068e+09,3.738365244290883993e+02
1.601642517276400089e+09,3.738021112790355573e+02
1.601642517366499901e+09,3.737654697508050390e+02
1.601642517572499990e+09,3.737266289735234182e+02
1.601642517576499939e+09,3.736856180763172119e+02
1.601642517696199894e+09,3.736424661883128806e+02
1.601642517817300081e+09,3.735972024386368844e+02
1.601642517906500101e+09,3.735498559564158541e+02
1.601642518144200087e+09,3.735004558707762499e+02
1.601642518147200108e+09,3.734490313108445889e+02
1.601642518236500025e+09,3.734218053101714077e+02
1.601642518356400013e+09,3.733939421012348703e+02
1.601642518446300030e+09,3.733654416840886370e+02
1.601642518681799889e+09,3.733363040587327646e+02
1.601642518686700106e+09,3.733065292251671394e+02
1.601642518776299953e+09,3.732761171833918752e+02
1.601642518897000074e+09,3.732450679334069150e+02
1.601642518986399889e+09,3.732133814752122589e+02
1.601642519252099991e+09,3.731810578088079637e+02
1.601642519255100012e+09,3.731480969341939158e+02
1.601642519316299915e+09,3.731144988513702287e+02
1.601642519436500072e+09,3.730802635603368458e+02
1.601642519526400089e+09,3.730453910610937669e+02
1.601642519807199955e+09,3.730098813536410489e+02
1.601642519810199976e+09,3.729737344379786350e+02
1.601642519856400013e+09,3.729369503141064683e+02
1.601642519976399899e+09,3.728995289820246626e+02
1.601642520066400051e+09,3.728614704417332177e+02
1.601642520490099907e+09,3.728227746932320201e+02
1.601642520490799904e+09,3.727834417365211834e+02
1.601642520492399931e+09,3.727434715716005940e+02
1.601642520517400026e+09,3.727028641984704223e+02
1.601642520635400057e+09,3.726616196171304978e+02
1.601642520725600004e+09,3.726197378275808774e+02
1.601642520937799931e+09,3.725772188298216179e+02
1.601642520939500093e+09,3.725340626238526625e+02
1.601642521056799889e+09,3.724902692096740111e+02
1.601642521176000118e+09,3.724458385872856638e+02
1.601642521266299963e+09,3.724007707566876206e+02
1.601642521509999990e+09,3.723550657178799383e+02
1.601642521511800051e+09,3.723087234708625601e+02
1.601642521598700047e+09,3.722617440156354860e+02
1.601642521716700077e+09,3.722141273521987159e+02
1.601642521806600094e+09,3.721658734805523068e+02
1.601642521925699949e+09,3.721169824006961449e+02
1.601642522084399939e+09,3.720674541126303438e+02
1.601642522135299921e+09,3.720172886163548469e+02
1.601642522255399942e+09,3.719664859118697109e+02
1.601642522345400095e+09,3.719150459991748221e+02
1.601642522605299950e+09,3.718629688782702942e+02
1.601642522605999947e+09,3.718102545491560704e+02
1.601642522675299883e+09,3.717569030118321507e+02
1.601642522795200109e+09,3.717029142662985350e+02
1.601642522885400057e+09,3.716482883125552803e+02
1.601642523136899948e+09,3.715930251506022728e+02
1.601642523137399912e+09,3.715371247804396262e+02
1.601642523215300083e+09,3.714805872020672837e+02
1.601642523335299969e+09,3.714234124154853021e+02
1.601642523425400019e+09,3.713656004206935677e+02
1.601642523545500040e+09,3.713071512176921942e+02
