Time,HR,RR
1607014273.0064,69,1019
1607014274.0519,68,969
1607014275.0098,67,958
1607014275.9997,67,905
1607014277.0196,67,906
1607014278.1272,67,940
1607014279.0008,67,954
1607014280.0198,67,1010
1607014281.0096,67,982
1607014282.0297,66,984
1607014283.1387,66,930
1607014284.0097,66,870
1607014284.9996,66,865
1607014286.0196,67,844
1607014287.1048,67,911
1607014288.0298,68,943
1607014289.0494,68,950
1607014290.0096,67,981
1607014291.0302,67,973
1607014292.1313,67,895
1607014293.0099,67,894
1607014293.9995,67,770
1607014295.0195,68,754
1607014296.0689,69,842
1607014297.0000,71,790
1607014298.0195,71,941
1607014299.0095,71,874
1607014299.9993,70,958
1607014301.1388,70,995
1607014302.0099,69,923
1607014302.9994,69,982
1607014304.0192,68,927
1607014305.0305,68,900
1607014305.9996,68,1050
1607014307.0195,67,1031
1607014308.0092,67,1003
1607014308.9991,66,1032
1607014310.0716,65,1006
1607014311.0096,65,1004
1607014311.9991,65,982
1607014313.0192,64,927
1607014314.0310,64,935
1607014315.1708,65,872
1607014316.0195,65,904
1607014317.0092,65,906
1607014317.9993,66,883
1607014319.0710,66,907
1607014320.0097,67,868
1607014321.0291,67,879
1607014322.0190,68,887
1607014323.0089,68,950
1607014324.1087,68,932
1607014325.0191,67,863
1607014326.0089,68,862
1607014326.9989,68,848
1607014328.0702,69,863
1607014329.0092,69,824
1607014329.9989,69,813
1607014331.0187,70,863
1607014332.0087,71,919
1607014333.0813,71,866
1607014334.0191,71,953
1607014335.0087,70,925
1607014335.9988,70,821
1607014337.0187,70,829
1607014338.0090,71,810
1607014338.9987,71,789
1607014340.0187,72,805
1607014341.0086,72,868
1607014342.1095,72,913
1607014343.0193,72,794
1607014344.0087,73,761
1607014344.9986,73,812
1607014346.0187,74,777
1607014347.1222,74,771
1607014347.9993,75,773
1607014349.0189,75,838
1607014350.0086,75,899
1607014351.0202,75,1007
1607014352.0190,74,979
1607014353.0088,72,969
1607014354.0284,71,893
1607014355.0184,71,844
1607014356.0885,71,762
1607014356.9988,72,803
1607014358.0186,73,835
1607014359.0083,73,784
1607014360.0195,73,855
1607014361.1279,73,960
1607014362.0085,73,896
1607014362.9983,72,887
1607014364.0182,72,838
1607014365.0892,72,774
1607014365.9985,73,752
1607014367.0183,74,785
1607014368.0081,74,826
1607014369.0192,74,956
1607014370.0991,73,820
1607014371.0084,73,851
1607014371.9982,73,840
1607014373.0179,73,871
1607014374.0285,73,822
1607014374.9983,73,891
1607014376.0180,73,903
1607014377.0080,72,847
1607014377.9980,71,1060
1607014379.1072,70,1007
1607014380.0083,69,1008
1607014380.9979,68,934
1607014382.0178,68,933
1607014383.0577,68,970
1607014384.1389,67,937
1607014385.0180,67,995
1607014386.0079,67,940
1607014387.0278,66,1013
1607014388.0372,66,916
1607014389.0080,66,765
1607014389.9980,67,709
1607014391.0178,69,734
1607014392.0350,71,843
1607014393.1378,71,862
1607014394.0181,71,877
1607014395.0379,71,789
1607014395.9976,72,782
1607014397.0372,72,753
1607014398.0082,74,740
1607014398.9977,75,722
1607014400.0175,76,709
1607014401.0074,77,872
1607014402.1067,77,790
1607014403.0178,77,919
1607014404.0074,76,861
1607014404.9974,75,799
1607014406.0468,75,713
1607014407.1483,76,693
1607014407.9975,77,687
1607014409.0173,78,757
1607014410.0073,78,1041
1607014411.0460,77,892
1607014412.0177,76,834
1607014413.0073,76,743
1607014413.9973,76,691
1607014415.0172,77,688
1607014416.1462,79,736
1607014416.9975,79,863
1607014418.0175,78,913
1607014419.0071,77,897
1607014420.0452,76,876
1607014421.0175,75,838
1607014422.0074,75,835
1607014422.9979,75,830
1607014424.0171,74,815
1607014425.0867,74,778
1607014425.9973,75,805
1607014427.0173,75,885
1607014428.0071,74,784
1607014429.0467,74,735
1607014430.0173,76,758
1607014431.0072,76,851
1607014431.9970,76,872
1607014433.0170,75,874
1607014434.0886,74,848
1607014434.9974,75,773
1607014436.0471,75,734
1607014437.0070,76,734
1607014438.0560,77,779
1607014439.0174,77,1076
1607014440.0075,76,930
1607014440.9970,74,954
1607014442.0169,73,961
1607014443.0574,72,900
1607014443.9972,71,855
1607014445.0173,71,845
1607014446.0069,71,885
1607014447.0173,71,864
1607014448.1263,71,962
1607014449.0072,71,991
1607014449.9968,70,992
1607014451.0168,69,924
1607014452.0257,69,826
1607014453.0271,70,724
1607014454.0470,73,714
1607014455.0068,74,759
1607014455.9967,75,744
1607014457.1069,76,717
1607014458.0071,77,873
1607014458.9968,77,1024
1607014460.0166,76,989
1607014461.0067,74,978
1607014462.1063,73,970
1607014463.0168,72,962
1607014464.0068,71,919
1607014464.9965,70,925
1607014466.0700,70,nan
1607014467.0111,70,927
1607014468.0036,69,1030
1607014469.0562,69,1091
1607014470.0184,68,1053
1607014471.1223,67,1017
1607014472.0333,65,1031
1607014473.0251,65,949
1607014474.0168,64,977
1607014475.0605,64,1004
1607014476.0308,64,977
1607014477.0222,64,1039
1607014478.0433,64,1009
1607014479.0346,63,946
1607014480.1374,63,911
1607014481.0472,64,939
1607014482.0383,64,927
1607014483.0293,64,980
1607014484.0502,64,988
1607014485.1522,64,965
1607014486.0323,64,1012
1607014487.0528,64,935
1607014488.0435,64,957
1607014489.0846,64,892
1607014490.0552,64,989
1607014491.0756,64,968
1607014492.0363,64,921
1607014493.0566,64,848
1607014494.1588,65,851
1607014495.0381,65,951
1607014496.0584,66,925
1607014497.0485,66,872
1607014498.0883,66,835
1607014499.1996,67,885
1607014500.0506,67,1013
1607014501.0400,67,985
1607014502.0903,66,922
1607014503.1605,66,855
1607014504.0412,67,884
1607014505.0913,67,820
1607014506.0515,68,830
1607014507.0636,68,887
1607014508.1727,69,901
1607014509.0525,69,776
1607014510.0422,69,750
1607014511.0623,70,789
1607014512.1044,71,883
1607014513.0431,72,911
1607014514.0629,71,933
1607014515.0530,70,879
1607014516.0430,70,894
1607014517.1730,70,831
1607014518.0534,70,866
1607014519.0434,70,963
1607014520.0634,70,984
1607014521.1045,69,999
1607014522.0440,69,973
1607014523.0639,68,934
1607014524.0536,67,960
1607014525.0437,67,889
1607014526.1137,68,971
1607014527.0540,68,898
1607014528.0439,67,953
1607014529.0650,67,974
1607014530.0745,67,897
1607014531.0444,67,985
1607014532.0643,67,977
1607014533.1143,66,940
1607014534.0442,66,889
1607014535.1235,67,837
1607014536.0544,67,817
1607014537.0444,68,857
1607014538.0643,68,879
1607014539.0543,69,917
1607014540.1844,69,860
1607014541.0646,69,862
1607014542.0546,69,822
1607014543.0443,70,744
1607014544.1161,71,714
1607014545.0547,72,713
1607014546.0446,75,785
1607014547.0644,75,920
1607014548.0545,75,935
1607014549.1261,74,931
1607014550.0646,73,878
1607014551.0545,72,823
1607014552.0444,73,752
1607014553.0645,74,754
1607014554.0849,75,756
1607014555.0449,75,829
1607014556.0956,75,793
1607014557.0545,76,718
1607014558.1241,77,721
1607014559.0650,78,743
1607014560.0547,78,758
1607014561.0447,79,723
1607014562.0645,79,799
1607014563.1660,79,918
1607014564.0446,77,875
1607014565.0646,77,787